// 公会技能  技能树资料
//技能ID,最高等级,前置技能1,前置技能等级1,前置技能2,前置技能2等级,前置技能3,前置技能3等级,前置技能4,前置技能4等级,前置技能5,前置技能5等级 //GUILD SKILLNAME#技能名称#

10000,1,0,0,0,0,0,0,0,0,0,0	//GD_APPROVAL#正式工会认证#
10001,1,10000,1,0,0,0,0,0,0,0,0	//GD_KAFRACONTRACT#和卡普拉订契约#
10002,1,10000,1,0,0,0,0,0,0,0,0	//GD_GUARDRESEARCH#研究监护人#
10003,3,0,0,0,0,0,0,0,0,0,0	//GD_GUARDUP#监护人魔物强化#
10004,10,0,0,0,0,0,0,0,0,0,0	//GD_EXTENSION#扩充组合体制#
10005,0,0,0,0,0,0,0,0,0,0,0	//GD_GLORYGUILD#工会的荣誉#
10006,5,0,0,0,0,0,0,0,0,0,0	//GD_LEADERSHIP#伟大的指导力#
10007,5,0,0,0,0,0,0,0,0,0,0	//GD_GLORYWOUNDS#光荣的伤口#
10008,5,10007,1,0,0,0,0,0,0,0,0	//GD_SOULCOLD#冷漠之心#
10009,5,10006,1,0,0,0,0,0,0,0,0	//GD_HAWKEYES#尖锐的视线#
10010,1,10000,1,10004,2,0,0,0,0,0,0	//GD_BATTLEORDER#下达战斗命令#
10011,3,10000,1,10004,5,10010,1,0,0,0,0	//GD_REGENERATION#复兴公会员体力#
10012,1,10011,1,0,0,0,0,0,0,0,0	//GD_RESTORE#恢复公会员体力#
10013,1,10000,1,10002,1,10004,5,10010,1,10011,1	//GD_EMERGENCYCALL#紧急呼叫#
10014,1,0,0,0,0,0,0,0,0,0,0	//GD_DEVELOPMENT#永久的发展#
