//============================================================
// eAthena Chinese Translation Project 汉化组
//============================================================
// 技能使用需求 数据
//
// 最新汉化修正日期: 2011.11.03
//------------------------------------------------------------
// 数据结构:
// <技能ID>,<HP消耗量>,<HP比率上限需求>,<SP消耗量>,
// <HP消耗比率>,<SP消耗比率>,<金钱消耗量>,
// <武器类型需求>,<弹药类型需求>,<弹药数量需求>,
// <状态需求>,<气弹需求量>,
// <物品需求ID1>,<物品需求量1>,...,<物品需求ID10>,<物品需求量10>
//------------------------------------------------------------
// 备注:
// 	<HP比率上限需求>: 当前HP比率未超过时才可使用技能
// 	<HP/SP消耗比率>:
// 	 消耗比率为正,表示当前值的百分比
// 	 消耗比率为负,表示最大值的百分比
// 	<物品需求量>:
// 	 需求量大于0时,表示需要有该物品,无论装备与否都会删除
// 	 需求量等于0时,表示只需要道具栏内有该物品,但不会删除
// 	 需求量小于0时,表示需要装备该物品,但不会删除
// 	<武器需求>取值:
// 	 0: 空手
// 	 1: 短剑
// 	 2: 单手剑
// 	 3: 双手剑
// 	 4: 单手矛
// 	 5: 双手矛
// 	 6: 单手斧
// 	 7: 双手斧
// 	 8: 钝器
// 	 9: (未使用)
// 	 10: 手杖
// 	 11: 弓
// 	 12: 拳套
// 	 13: 乐器
// 	 14: 鞭子
// 	 15: 书
// 	 16: 卡塔尔拳刃
// 	 17: 手枪
// 	 18: 步枪
// 	 19: 格林机枪
// 	 20: 射击手枪
// 	 21: 榴弹发射器
// 	 22: 风魔手里剑
// 	 99 = 任意武器
// 	<弹药类型需求>取值:
// 	 1 = 箭矢
// 	 2 = 刺客飞刀
// 	 3 = 枪手子弹
// 	 4 = (未使用)
// 	 5 = 枪手炮弹
// 	 6 = 忍者风魔飞镖
// 	 7 = 忍者飞刀
// 	 8 = 加农炮弹
// 	 9 = 基因学者水果炸弹/聚合物
// 	 99 = 任意弹药
// 	 备注: 官方为物品类型, 这里为弹药View ID. [Inkfish]
// 	<状态需求>取值:
// 	 none = 无状态需求
// 	 move_enable = 能够移动时
// 	 recover_weight_rate = 负重量低于50%时
// 	 water = 站在水中时
// 	 cart = 租有手推车时
// 	 riding = 骑乘(大嘴鸟,龙...)时
// 	 falcon = 租有猎鹰时
// 	 sight = 处于火狩状态时 (例: 火狩=>火之猎杀)
// 	 hiding = 处于隐匿状态时 (例: 隐匿=>无影之牙)
// 	 cloaking = 处于伪装状态时
// 	 explosionspirits = 处于爆气状态时 (例: 爆气=>阿修罗霸凰拳)
// 	 cartboost = 租有手推车并处于手推车加速时
// 	 shield = 装备盾牌时
// 	 ridingdragon = 骑乘龙时
// 	 warg = 任何有狼状态时（但技能仍需遵守骑乘中可用这条规则）
// 	 ridingwarg = 骑乘狼时
// 	 gear = 搭乘魔导机械时
// 	<武器需求><弹药类型需求>均是以":"分号分隔的物品View ID
// 	<状态需求>是以":"分号分隔的状态字符串
//------------------------------------------------------------

5,0,0,8:8:8:8:8:15:15:15:15:15,0,0,0,0:1:2:3:4:5:6:7:8:9:10:12:13:14:15:16:17:18:19:20:21:22,0,0,none,0,0,0,0,0,0,0,0,0,0,0,0,0,0,0,0,0,0,0,0,0	//SM_BASH#狂击#
6,0,0,4:5:6:7:8:9:10:11:12:13,0,0,0,99,0,0,none,0,0,0,0,0,0,0,0,0,0,0,0,0,0,0,0,0,0,0,0,0	//SM_PROVOKE#挑衅#
7,20:20:19:19:18:18:17:17:16:16,0,30,0,0,0,99,0,0,none,0,0,0,0,0,0,0,0,0,0,0,0,0,0,0,0,0,0,0,0,0	//SM_MAGNUM#怒爆#
8,0,0,10,0,0,0,99,0,0,none,0,0,0,0,0,0,0,0,0,0,0,0,0,0,0,0,0,0,0,0,0				//SM_ENDURE#霸体#

10,0,0,10,0,0,0,99,0,0,none,0,0,0,0,0,0,0,0,0,0,0,0,0,0,0,0,0,0,0,0,0				//MG_SIGHT#火狩#
11,0,0,9:9:9:12:12:12:15:15:15:18,0,0,0,99,0,0,none,0,0,0,0,0,0,0,0,0,0,0,0,0,0,0,0,0,0,0,0,0	//MG_NAPALMBEAT#心灵爆破#
12,0,0,30:30:30:35:35:35:40:40:40:40,0,0,0,99,0,0,none,0,717,1,0,0,0,0,0,0,0,0,0,0,0,0,0,0,0,0,0,0	//MG_SAFETYWALL#暗之障壁#
13,0,0,18:14:24:20:30:26:36:32:42:38,0,0,0,99,0,0,none,0,0,0,0,0,0,0,0,0,0,0,0,0,0,0,0,0,0,0,0,0	//MG_SOULSTRIKE#圣灵召唤#
14,0,0,12:14:16:18:20:22:24:26:28:30,0,0,0,99,0,0,none,0,0,0,0,0,0,0,0,0,0,0,0,0,0,0,0,0,0,0,0,0	//MG_COLDBOLT#冰箭术#
15,0,0,25:24:23:22:21:20:19:18:17:16,0,0,0,99,0,0,none,0,0,0,0,0,0,0,0,0,0,0,0,0,0,0,0,0,0,0,0,0	//MG_FROSTDIVER#冰冻术#
16,0,0,25:24:23:22:21:20:19:18:17:16,0,0,0,99,0,0,none,0,716,1,0,0,0,0,0,0,0,0,0,0,0,0,0,0,0,0,0,0	//MG_STONECURSE#石化术#
17,0,0,25,0,0,0,99,0,0,none,0,0,0,0,0,0,0,0,0,0,0,0,0,0,0,0,0,0,0,0,0				//MG_FIREBALL#火球术#
18,0,0,40,0,0,0,99,0,0,none,0,0,0,0,0,0,0,0,0,0,0,0,0,0,0,0,0,0,0,0,0				//MG_FIREWALL#火焰之壁#
19,0,0,12:14:16:18:20:22:24:26:28:30,0,0,0,99,0,0,none,0,0,0,0,0,0,0,0,0,0,0,0,0,0,0,0,0,0,0,0,0	//MG_FIREBOLT#火箭术#
20,0,0,12:14:16:18:20:22:24:26:28:30,0,0,0,99,0,0,none,0,0,0,0,0,0,0,0,0,0,0,0,0,0,0,0,0,0,0,0,0	//MG_LIGHTNINGBOLT#雷击术#
21,0,0,29:34:39:44:49:54:59:64:69:74,0,0,0,99,0,0,none,0,0,0,0,0,0,0,0,0,0,0,0,0,0,0,0,0,0,0,0,0	//MG_THUNDERSTORM#雷爆术#

24,0,0,10,0,0,0,99,0,0,none,0,0,0,0,0,0,0,0,0,0,0,0,0,0,0,0,0,0,0,0,0				//AL_RUWACH#光猎#
25,0,0,10,0,0,0,99,0,0,none,0,0,0,0,0,0,0,0,0,0,0,0,0,0,0,0,0,0,0,0,0				//AL_PNEUMA#光之障壁#
26,0,0,10:9,0,0,0,99,0,0,none,0,0,0,0,0,0,0,0,0,0,0,0,0,0,0,0,0,0,0,0,0				//AL_TELEPORT#瞬间移动#
27,0,0,35:32:29:26,0,0,0,99,0,0,none,0,717,1,0,0,0,0,0,0,0,0,0,0,0,0,0,0,0,0,0,0		//AL_WARP#传送之阵#
28,0,0,13:16:19:22:25:28:31:34:37:40,0,0,0,99,0,0,none,0,0,0,0,0,0,0,0,0,0,0,0,0,0,0,0,0,0,0,0,0	//AL_HEAL#治愈术#
29,15,0,18:21:24:27:30:33:36:39:42:45,0,0,0,99,0,0,none,0,0,0,0,0,0,0,0,0,0,0,0,0,0,0,0,0,0,0,0,0	//AL_INCAGI#加速术#
30,0,0,15:17:19:21:23:25:27:29:31:33,0,0,0,99,0,0,none,0,0,0,0,0,0,0,0,0,0,0,0,0,0,0,0,0,0,0,0,0	//AL_DECAGI#缓速术#
31,0,0,10,0,0,0,99,0,0,water,0,0,0,0,0,0,0,0,0,0,0,0,0,0,0,0,0,0,0,0,0				//AL_HOLYWATER#天使之泪#
32,0,0,35,0,0,0,99,0,0,none,0,0,0,0,0,0,0,0,0,0,0,0,0,0,0,0,0,0,0,0,0				//AL_CRUCIS#天使之光#
33,0,0,23:26:29:32:35:38:41:44:47:50,0,0,0,99,0,0,none,0,0,0,0,0,0,0,0,0,0,0,0,0,0,0,0,0,0,0,0,0	//AL_ANGELUS#天使之障壁#
34,0,0,28:32:36:40:44:48:52:56:60:64,0,0,0,99,0,0,none,0,0,0,0,0,0,0,0,0,0,0,0,0,0,0,0,0,0,0,0,0	//AL_BLESSING#天使之赐福#
35,0,0,15,0,0,0,99,0,0,none,0,0,0,0,0,0,0,0,0,0,0,0,0,0,0,0,0,0,0,0,0				//AL_CURE#治疗术#

40,0,0,10,0,0,0,99,0,0,none,0,0,0,0,0,0,0,0,0,0,0,0,0,0,0,0,0,0,0,0,0				//MC_IDENTIFY#物品鉴定#
41,0,0,30,0,0,0,99,0,0,cart,0,0,0,0,0,0,0,0,0,0,0,0,0,0,0,0,0,0,0,0,0				//MC_VENDING#露天商店#
42,0,0,5,0,0,100:200:300:400:500:600:700:800:900:1000,99,0,0,none,0,0,0,0,0,0,0,0,0,0,0,0,0,0,0,0,0,0,0,0,0	//MC_MAMMONITE#金钱攻击#

45,0,0,25:30:35:40:45:50:55:60:65:70,0,0,0,99,0,0,none,0,0,0,0,0,0,0,0,0,0,0,0,0,0,0,0,0,0,0,0,0	//AC_CONCENTRATION#心神凝聚#
46,0,0,12,0,0,0,11,1,1,none,0,0,0,0,0,0,0,0,0,0,0,0,0,0,0,0,0,0,0,0,0				//AC_DOUBLE#二连矢#
47,0,0,15,0,0,0,11,1,1,none,0,0,0,0,0,0,0,0,0,0,0,0,0,0,0,0,0,0,0,0,0				//AC_SHOWER#箭雨#

50,0,0,10,0,0,0,99,0,0,none,0,0,0,0,0,0,0,0,0,0,0,0,0,0,0,0,0,0,0,0,0				//TF_STEAL#偷窃#
51,0,0,10,0,0,0,99,0,0,none,0,0,0,0,0,0,0,0,0,0,0,0,0,0,0,0,0,0,0,0,0				//TF_HIDING#隐匿#
52,0,0,12,0,0,0,99,0,0,none,0,0,0,0,0,0,0,0,0,0,0,0,0,0,0,0,0,0,0,0,0				//TF_POISON#施毒#
53,0,0,10,0,0,0,99,0,0,none,0,0,0,0,0,0,0,0,0,0,0,0,0,0,0,0,0,0,0,0,0				//TF_DETOXIFY#解毒#
54,0,0,60,0,0,0,99,0,0,none,0,717,1,0,0,0,0,0,0,0,0,0,0,0,0,0,0,0,0,0,0				//ALL_RESURRECTION#复活术#

56,0,0,7,0,0,0,4:5,0,0,none,0,0,0,0,0,0,0,0,0,0,0,0,0,0,0,0,0,0,0,0,0				//KN_PIERCE#连刺攻击#
57,0,0,12,0,0,0,4:5,0,0,riding,0,0,0,0,0,0,0,0,0,0,0,0,0,0,0,0,0,0,0,0,0			//KN_BRANDISHSPEAR#骑乘攻击#
58,0,0,9,0,0,0,4:5,0,0,none,0,0,0,0,0,0,0,0,0,0,0,0,0,0,0,0,0,0,0,0,0				//KN_SPEARSTAB#长矛刺击#
59,0,0,10,0,0,0,4:5,0,0,none,0,0,0,0,0,0,0,0,0,0,0,0,0,0,0,0,0,0,0,0,0				//KN_SPEARBOOMERANG#投掷长矛攻击#
60,0,0,14:18:22:26:30:34:38:42:46:50,0,0,0,3,0,0,none,0,0,0,0,0,0,0,0,0,0,0,0,0,0,0,0,0,0,0,0,0	//KN_TWOHANDQUICKEN#双手剑攻击速度增加#
61,0,0,3,0,0,0,0:1:2:3:4:5:6:7:8:9:10:12:13:14:15:16:17:18:19:20:21:22,0,0,none,0,0,0,0,0,0,0,0,0,0,0,0,0,0,0,0,0,0,0,0,0	//KN_AUTOCOUNTER#反击#
62,0,0,13:14:15:16:17:18:19:20:21:22,0,0,0,99,0,0,none,0,0,0,0,0,0,0,0,0,0,0,0,0,0,0,0,0,0,0,0,0	//KN_BOWLINGBASH#怪物互击#

66,0,0,13:16:19:22:25,0,0,0,99,0,0,none,0,0,0,0,0,0,0,0,0,0,0,0,0,0,0,0,0,0,0,0,0		//PR_IMPOSITIO#神威祈福#
67,0,0,8,0,0,0,99,0,0,none,0,0,0,0,0,0,0,0,0,0,0,0,0,0,0,0,0,0,0,0,0				//PR_SUFFRAGIUM#牺牲祈福#
68,0,0,14:18:22:26:30,0,0,0,99,0,0,none,0,523,1,0,0,0,0,0,0,0,0,0,0,0,0,0,0,0,0,0,0		//PR_ASPERSIO#撒水祈福#
69,0,0,20,0,0,0,99,0,0,none,0,0,0,0,0,0,0,0,0,0,0,0,0,0,0,0,0,0,0,0,0				//PR_BENEDICTIO#圣之祈福#
70,0,0,15:18:21:24:27:30:33:36:39:42,0,0,0,99,0,0,none,0,717,1,0,0,0,0,0,0,0,0,0,0,0,0,0,0,0,0,0,0	//PR_SANCTUARY#光耀之堂#
71,0,0,6:8:10:12,0,0,0,99,0,0,none,0,0,0,0,0,0,0,0,0,0,0,0,0,0,0,0,0,0,0,0,0			//PR_SLOWPOISON#缓毒术#
72,0,0,5,0,0,0,99,0,0,none,0,0,0,0,0,0,0,0,0,0,0,0,0,0,0,0,0,0,0,0,0				//PR_STRECOVERY#痊愈术#
73,0,0,20:20:20:25:25:25:30:30:30:35,0,0,0,99,0,0,none,0,0,0,0,0,0,0,0,0,0,0,0,0,0,0,0,0,0,0,0,0	//PR_KYRIE#霸邪之阵#
74,0,0,40,0,0,0,99,0,0,none,0,0,0,0,0,0,0,0,0,0,0,0,0,0,0,0,0,0,0,0,0				//PR_MAGNIFICAT#圣母之颂歌#
75,0,0,20,0,0,0,99,0,0,none,0,0,0,0,0,0,0,0,0,0,0,0,0,0,0,0,0,0,0,0,0				//PR_GLORIA#幸运之颂歌#
76,0,0,20:20:20:20:20:18:16:14:12:10,0,0,0,99,0,0,none,0,0,0,0,0,0,0,0,0,0,0,0,0,0,0,0,0,0,0,0,0	//PR_LEXDIVINA#沉默之术#
77,0,0,20,0,0,0,99,0,0,none,0,0,0,0,0,0,0,0,0,0,0,0,0,0,0,0,0,0,0,0,0				//PR_TURNUNDEAD#转生术#
78,0,0,10,0,0,0,99,0,0,none,0,0,0,0,0,0,0,0,0,0,0,0,0,0,0,0,0,0,0,0,0				//PR_LEXAETERNA#天使之怒#
79,0,0,40:42:44:46:48:50:52:54:56:58,0,0,0,99,0,0,none,0,717,1,0,0,0,0,0,0,0,0,0,0,0,0,0,0,0,0,0,0	//PR_MAGNUS#十字驱魔攻击#
80,0,0,75,0,0,0,99,0,0,none,0,0,0,0,0,0,0,0,0,0,0,0,0,0,0,0,0,0,0,0,0				//WZ_FIREPILLAR#火柱攻击#
81,0,0,35:37:39:41:43:45:47:49:51:53,0,0,0,99,0,0,sight,0,0,0,0,0,0,0,0,0,0,0,0,0,0,0,0,0,0,0,0,0	//WZ_SIGHTRASHER#火之猎杀#

83,0,0,20:24:30:34:40:44:50:54:60:64,0,0,0,99,0,0,none,0,0,0,0,0,0,0,0,0,0,0,0,0,0,0,0,0,0,0,0,0	//WZ_METEOR#陨石术#
84,0,0,20:23:26:29:32:35:38:41:44:47,0,0,0,99,0,0,none,0,0,0,0,0,0,0,0,0,0,0,0,0,0,0,0,0,0,0,0,0	//WZ_JUPITEL#雷鸣术#
85,0,0,60:64:68:72:76:80:84:88:92:96,0,0,0,99,0,0,none,0,0,0,0,0,0,0,0,0,0,0,0,0,0,0,0,0,0,0,0,0	//WZ_VERMILION#怒雷强击#
86,0,0,15:20:20:25:25:25:25:25:25:25,0,0,0,99,0,0,water,0,0,0,0,0,0,0,0,0,0,0,0,0,0,0,0,0,0,0,0,0	//WZ_WATERBALL#水球术#
87,0,0,20,0,0,0,99,0,0,none,0,0,0,0,0,0,0,0,0,0,0,0,0,0,0,0,0,0,0,0,0				//WZ_ICEWALL#冰刃之墙#
88,0,0,45:43:41:39:37:35:33:31:29:27,0,0,0,99,0,0,none,0,0,0,0,0,0,0,0,0,0,0,0,0,0,0,0,0,0,0,0,0	//WZ_FROSTNOVA#霜冻之术#
89,0,0,78,0,0,0,99,0,0,none,0,0,0,0,0,0,0,0,0,0,0,0,0,0,0,0,0,0,0,0,0				//WZ_STORMGUST#暴风雪#
90,0,0,12:14:16:18:20,0,0,0,99,0,0,none,0,0,0,0,0,0,0,0,0,0,0,0,0,0,0,0,0,0,0,0,0		//WZ_EARTHSPIKE#地震术#
91,0,0,28:32:36:40:44,0,0,0,99,0,0,none,0,0,0,0,0,0,0,0,0,0,0,0,0,0,0,0,0,0,0,0,0		//WZ_HEAVENDRIVE#崩裂术#
92,0,0,5:10:15:20:25,0,0,0,99,0,0,none,0,0,0,0,0,0,0,0,0,0,0,0,0,0,0,0,0,0,0,0,0		//WZ_QUAGMIRE#泥沼地#
93,0,0,10,0,0,0,99,0,0,none,0,0,0,0,0,0,0,0,0,0,0,0,0,0,0,0,0,0,0,0,0				//WZ_ESTIMATION#怪物情报#

108,0,0,30,0,0,0,99,0,0,none,0,0,0,0,0,0,0,0,0,0,0,0,0,0,0,0,0,0,0,0,0				//BS_REPAIRWEAPON#武器修理#

110,0,0,10,0,0,0,1:2:6:7:8,0,0,none,0,0,0,0,0,0,0,0,0,0,0,0,0,0,0,0,0,0,0,0,0			//BS_HAMMERFALL#大地之击#
111,0,0,20:23:26:29:32,0,0,0,6:7:8,0,0,none,0,0,0,0,0,0,0,0,0,0,0,0,0,0,0,0,0,0,0,0,0		//BS_ADRENALINE#速度激发#
112,0,0,18:16:14:12:10,0,0,0,99,0,0,none,0,0,0,0,0,0,0,0,0,0,0,0,0,0,0,0,0,0,0,0,0		//BS_WEAPONPERFECT#无视体型攻击#
113,0,0,18:16:14:12:10,0,0,0,99,0,0,none,0,0,0,0,0,0,0,0,0,0,0,0,0,0,0,0,0,0,0,0,0		//BS_OVERTHRUST#凶砍#
114,0,0,10,0,0,0,99,0,0,none,0,0,0,0,0,0,0,0,0,0,0,0,0,0,0,0,0,0,0,0,0				//BS_MAXIMIZE#武器值最大化#
115,0,0,10,0,0,0,99,0,0,none,0,1065,1,0,0,0,0,0,0,0,0,0,0,0,0,0,0,0,0,0,0			//HT_SKIDTRAP#滑动陷阱#
116,0,0,10,0,0,0,99,0,0,none,0,1065,1,0,0,0,0,0,0,0,0,0,0,0,0,0,0,0,0,0,0			//HT_LANDMINE#地雷陷阱#
117,0,0,12,0,0,0,99,0,0,none,0,1065,1,0,0,0,0,0,0,0,0,0,0,0,0,0,0,0,0,0,0			//HT_ANKLESNARE#定位陷阱#
118,0,0,45,0,0,0,99,0,0,none,0,1065,2,0,0,0,0,0,0,0,0,0,0,0,0,0,0,0,0,0,0			//HT_SHOCKWAVE#魔耗陷阱#
119,0,0,12,0,0,0,99,0,0,none,0,1065,1,0,0,0,0,0,0,0,0,0,0,0,0,0,0,0,0,0,0			//HT_SANDMAN#睡魔陷阱#
120,0,0,12,0,0,0,99,0,0,none,0,1065,2,0,0,0,0,0,0,0,0,0,0,0,0,0,0,0,0,0,0			//HT_FLASHER#强光陷阱#
121,0,0,10,0,0,0,99,0,0,none,0,1065,2,0,0,0,0,0,0,0,0,0,0,0,0,0,0,0,0,0,0			//HT_FREEZINGTRAP#霜冻陷阱#
122,0,0,10,0,0,0,99,0,0,none,0,1065,1,0,0,0,0,0,0,0,0,0,0,0,0,0,0,0,0,0,0			//HT_BLASTMINE#定时爆炸陷阱#
123,0,0,15,0,0,0,99,0,0,none,0,1065,2,0,0,0,0,0,0,0,0,0,0,0,0,0,0,0,0,0,0			//HT_CLAYMORETRAP#爆散陷阱#
124,0,0,5,0,0,0,99,0,0,none,0,0,0,0,0,0,0,0,0,0,0,0,0,0,0,0,0,0,0,0,0				//HT_REMOVETRAP#陷阱移除#
125,0,0,1,0,0,0,99,0,0,none,0,1065,1,0,0,0,0,0,0,0,0,0,0,0,0,0,0,0,0,0,0			//HT_TALKIEBOX#陷阱探查#

129,0,0,10:13:16:19:22,0,0,0,99,0,0,falcon,0,0,0,0,0,0,0,0,0,0,0,0,0,0,0,0,0,0,0,0,0		//HT_BLITZBEAT#闪电冲击#
130,0,0,8,0,0,0,99,0,0,falcon,0,0,0,0,0,0,0,0,0,0,0,0,0,0,0,0,0,0,0,0,0				//HT_DETECTING#猎鹰寻敌#
131,0,0,10,0,0,0,99,0,0,falcon,0,0,0,0,0,0,0,0,0,0,0,0,0,0,0,0,0,0,0,0,0			//HT_SPRINGTRAP#爆破陷阱#

135,0,0,15,0,0,0,99,0,0,none,0,0,0,0,0,0,0,0,0,0,0,0,0,0,0,0,0,0,0,0,0				//AS_CLOAKING#伪装#
136,0,0,16:18:20:22:24:26:28:30:32:34,0,0,0,16,0,0,none,0,0,0,0,0,0,0,0,0,0,0,0,0,0,0,0,0,0,0,0,0	//AS_SONICBLOW#音速投掷#
137,0,0,3,0,0,0,16,0,0,hiding,0,0,0,0,0,0,0,0,0,0,0,0,0,0,0,0,0,0,0,0,0				//AS_GRIMTOOTH#无影之牙#
138,0,0,20,0,0,0,99,0,0,none,0,0,0,0,0,0,0,0,0,0,0,0,0,0,0,0,0,0,0,0,0				//AS_ENCHANTPOISON#涂毒#
139,0,0,25:30:35:40:45:50:55:60:45:45,0,0,0,99,0,0,none,0,0,0,0,0,0,0,0,0,0,0,0,0,0,0,0,0,0,0,0,0	//AS_POISONREACT#毒性反弹#
140,0,0,20,0,0,0,99,0,0,none,0,716,1,0,0,0,0,0,0,0,0,0,0,0,0,0,0,0,0,0,0			//AS_VENOMDUST#病毒散拨#
141,0,0,12:14:16:18:20:22:24:26:28:30,0,0,0,99,0,0,none,0,716,1,0,0,0,0,0,0,0,0,0,0,0,0,0,0,0,0,0,0	//AS_SPLASHER#毒性感染#
142,0,0,3,0,0,0,99,0,0,none,0,0,0,0,0,0,0,0,0,0,0,0,0,0,0,0,0,0,0,0,0				//NV_FIRSTAID#紧急治疗#
143,0,0,5,0,0,0,99,0,0,none,0,0,0,0,0,0,0,0,0,0,0,0,0,0,0,0,0,0,0,0,0				//NV_TRICKDEAD#装死#

146,0,0,1,0,0,0,99,0,0,none,0,0,0,0,0,0,0,0,0,0,0,0,0,0,0,0,0,0,0,0,0				//SM_AUTOBERSERK#狂暴状态#
147,0,0,10,0,0,0,99,0,0,recover_weight_rate,0,0,0,0,0,0,0,0,0,0,0,0,0,0,0,0,0,0,0,0,0		//AC_MAKINGARROW#制作箭#
148,0,0,15,0,0,0,11,1,1,none,0,0,0,0,0,0,0,0,0,0,0,0,0,0,0,0,0,0,0,0,0				//AC_CHARGEARROW#冲锋箭#
149,0,0,9,0,0,0,99,0,0,none,0,0,0,0,0,0,0,0,0,0,0,0,0,0,0,0,0,0,0,0,0				//TF_SPRINKLESAND#喷砂#
150,0,0,7,0,0,0,99,0,0,none,0,0,0,0,0,0,0,0,0,0,0,0,0,0,0,0,0,0,0,0,0				//TF_BACKSLIDING#后退回避#
151,0,0,3,0,0,0,99,0,0,recover_weight_rate,0,0,0,0,0,0,0,0,0,0,0,0,0,0,0,0,0,0,0,0,0		//TF_PICKSTONE#捡石头#
152,0,0,2,0,0,0,99,0,0,none,0,7049,1,0,0,0,0,0,0,0,0,0,0,0,0,0,0,0,0,0,0			//TF_THROWSTONE#投掷石头#
153,0,0,12,0,0,0,99,0,0,cart,0,0,0,0,0,0,0,0,0,0,0,0,0,0,0,0,0,0,0,0,0				//MC_CARTREVOLUTION#手推车攻击#
154,0,0,40,0,0,0,99,0,0,cart,0,0,0,0,0,0,0,0,0,0,0,0,0,0,0,0,0,0,0,0,0				//MC_CHANGECART#改装手推车#
155,0,0,8,0,0,0,99,0,0,none,0,0,0,0,0,0,0,0,0,0,0,0,0,0,0,0,0,0,0,0,0				//MC_LOUD#大声呐喊#
156,0,0,15,0,0,0,99,0,0,none,0,0,0,0,0,0,0,0,0,0,0,0,0,0,0,0,0,0,0,0,0				//AL_HOLYLIGHT#神圣之光#
157,0,0,30,0,0,0,99,0,0,none,0,0,0,0,0,0,0,0,0,0,0,0,0,0,0,0,0,0,0,0,0				//MG_ENERGYCOAT#能量外套#

211,0,0,15,0,0,0,99,0,0,none,0,0,0,0,0,0,0,0,0,0,0,0,0,0,0,0,0,0,0,0,0				//RG_STEALCOIN#偷钱#
212,0,0,16,0,0,0,99,0,0,none,0,0,0,0,0,0,0,0,0,0,0,0,0,0,0,0,0,0,0,0,0				//RG_BACKSTAP#背刺#

214,0,0,20,0,0,0,99,0,0,hiding,0,0,0,0,0,0,0,0,0,0,0,0,0,0,0,0,0,0,0,0,0			//RG_RAID#潜击#
215,0,0,17:19:21:23:25,0,0,0,99,0,0,none,0,0,0,0,0,0,0,0,0,0,0,0,0,0,0,0,0,0,0,0,0		//RG_STRIPWEAPON#卸除武器#
216,0,0,12:14:16:18:20,0,0,0,99,0,0,none,0,0,0,0,0,0,0,0,0,0,0,0,0,0,0,0,0,0,0,0,0		//RG_STRIPSHIELD#卸除盾牌#
217,0,0,17:19:21:23:25,0,0,0,99,0,0,none,0,0,0,0,0,0,0,0,0,0,0,0,0,0,0,0,0,0,0,0,0		//RG_STRIPARMOR#卸除铠甲#
218,0,0,12:14:16:18:20,0,0,0,99,0,0,none,0,0,0,0,0,0,0,0,0,0,0,0,0,0,0,0,0,0,0,0,0		//RG_STRIPHELM#卸除头盔#
219,0,0,13:16:19:22:25,0,0,0,99,0,0,none,0,0,0,0,0,0,0,0,0,0,0,0,0,0,0,0,0,0,0,0,0		//RG_INTIMIDATE#胁持#
220,0,0,15,0,0,0,99,0,0,none,0,716,1,0,0,0,0,0,0,0,0,0,0,0,0,0,0,0,0,0,0			//RG_GRAFFITI#涂鸦#
221,0,0,10,0,0,0,99,0,0,none,0,0,0,0,0,0,0,0,0,0,0,0,0,0,0,0,0,0,0,0,0				//RG_FLAGGRAFFITI#旗帜涂鸦#
222,0,0,5,0,0,0,99,0,0,none,0,0,0,0,0,0,0,0,0,0,0,0,0,0,0,0,0,0,0,0,0				//RG_CLEANER#清洗#

228,0,0,5,0,0,0,99,0,0,none,0,7134,1,0,0,0,0,0,0,0,0,0,0,0,0,0,0,0,0,0,0			//AM_PHARMACY#配药#
229,0,0,10,0,0,0,99,0,0,none,0,7135,1,0,0,0,0,0,0,0,0,0,0,0,0,0,0,0,0,0,0			//AM_DEMONSTRATION#火烟瓶投掷#
230,0,0,15,0,0,0,99,0,0,none,0,7136,1,0,0,0,0,0,0,0,0,0,0,0,0,0,0,0,0,0,0			//AM_ACIDTERROR#强酸攻击#
231,0,0,1,0,0,0,99,0,0,none,0,501,1,502,1,503,1,504,1,505,1,522,1,526,1,608,1,607,1,657,1	//AM_POTIONPITCHER#药水投掷#
232,0,0,20,0,0,0,99,0,0,none,0,7137,1,0,0,0,0,0,0,0,0,0,0,0,0,0,0,0,0,0,0			//AM_CANNIBALIZE#生物调拨#
233,0,0,10,0,0,0,99,0,0,none,0,7138,1,0,0,0,0,0,0,0,0,0,0,0,0,0,0,0,0,0,0			//AM_SPHEREMINE#气泡虫召唤#
234,0,0,30,0,0,0,99,0,0,none,0,7139,1,0,0,0,0,0,0,0,0,0,0,0,0,0,0,0,0,0,0			//AM_CP_WEAPON#化学武器保护#
235,0,0,25,0,0,0,99,0,0,none,0,7139,1,0,0,0,0,0,0,0,0,0,0,0,0,0,0,0,0,0,0			//AM_CP_SHIELD#化学盾牌保护#
236,0,0,25,0,0,0,99,0,0,none,0,7139,1,0,0,0,0,0,0,0,0,0,0,0,0,0,0,0,0,0,0			//AM_CP_ARMOR#化学铠甲保护#
237,0,0,25,0,0,0,99,0,0,none,0,7139,1,0,0,0,0,0,0,0,0,0,0,0,0,0,0,0,0,0,0			//AM_CP_HELM#化学头盔保护#

243,0,0,10,0,0,0,99,0,0,none,0,7142,1,0,0,0,0,0,0,0,0,0,0,0,0,0,0,0,0,0,0			//AM_CALLHOMUN#生命体召唤#
244,0,0,50,0,0,0,99,0,0,none,0,0,0,0,0,0,0,0,0,0,0,0,0,0,0,0,0,0,0,0,0				//AM_REST#安息#
247,0,0,74:68:62:56:50,0,0,0,99,0,0,none,0,0,0,0,0,0,0,0,0,0,0,0,0,0,0,0,0,0,0,0,0		//AM_RESURRECTHOMUN#复活生命体#

249,0,0,12:14:16:18:20:22:24:26:28:30,0,0,0,99,0,0,shield,0,0,0,0,0,0,0,0,0,0,0,0,0,0,0,0,0,0,0,0,0	//CR_AUTOGUARD#自动防御#
250,0,0,10,0,0,0,99,0,0,shield,0,0,0,0,0,0,0,0,0,0,0,0,0,0,0,0,0,0,0,0,0			//CR_SHIELDCHARGE#盾击#
251,0,0,12,0,0,0,99,0,0,shield,0,0,0,0,0,0,0,0,0,0,0,0,0,0,0,0,0,0,0,0,0			//CR_SHIELDBOOMERANG#回旋盾击#
252,0,0,35:40:45:50:55:60:65:70:75:80,0,0,0,99,0,0,shield,0,0,0,0,0,0,0,0,0,0,0,0,0,0,0,0,0,0,0,0,0	//CR_REFLECTSHIELD#反射盾#
253,0,0,11:12:13:14:15:16:17:18:19:20,0,0,0,99,0,0,none,0,0,0,0,0,0,0,0,0,0,0,0,0,0,0,0,0,0,0,0,0	//CR_HOLYCROSS#圣十字攻击#
254,0,0,37:44:51:58:65:72:79:86:93:100,20,0,0,99,0,0,none,0,0,0,0,0,0,0,0,0,0,0,0,0,0,0,0,0,0,0,0,0	//CR_GRANDCROSS#圣十字审判#
255,0,0,25,0,0,0,99,0,0,none,0,0,0,0,0,0,0,0,0,0,0,0,0,0,0,0,0,0,0,0,0				//CR_DEVOTION#牺牲#
256,0,0,30,0,0,0,99,0,0,none,0,0,0,0,0,0,0,0,0,0,0,0,0,0,0,0,0,0,0,0,0				//CR_PROVIDENCE#神佑之光#
257,0,0,30,0,0,0,99,0,0,shield,0,0,0,0,0,0,0,0,0,0,0,0,0,0,0,0,0,0,0,0,0			//CR_DEFENDER#光之盾#
258,0,0,24:28:32:36:40:44:48:52:56:60,0,0,0,4:5,0,0,none,0,0,0,0,0,0,0,0,0,0,0,0,0,0,0,0,0,0,0,0,0	//CR_SPEARQUICKEN#长矛加速术#

261,0,0,8,0,0,0,99,0,0,none,0,0,0,0,0,0,0,0,0,0,0,0,0,0,0,0,0,0,0,0,0				//MO_CALLSPIRITS#蓄气#
262,0,0,5,0,0,0,99,0,0,none,0,0,0,0,0,0,0,0,0,0,0,0,0,0,0,0,0,0,0,0,0				//MO_ABSORBSPIRITS#吸气#

264,0,0,14,0,0,0,99,0,0,none,1,0,0,0,0,0,0,0,0,0,0,0,0,0,0,0,0,0,0,0,0				//MO_BODYRELOCATION#弓身弹影#

266,0,0,10:14:17:19:20,0,0,0,99,0,0,none,1,0,0,0,0,0,0,0,0,0,0,0,0,0,0,0,0,0,0,0,0		//MO_INVESTIGATE#浸透劲#
267,0,0,10,0,0,0,99,0,0,none,1:2:3:4:5,0,0,0,0,0,0,0,0,0,0,0,0,0,0,0,0,0,0,0,0			//MO_FINGEROFFENSIVE#弹指神通#
268,0,0,200,0,0,0,99,0,0,none,5,0,0,0,0,0,0,0,0,0,0,0,0,0,0,0,0,0,0,0,0				//MO_STEELBODY#金刚不坏#
269,0,0,10,0,0,0,0:1:2:3:4:5:6:7:8:9:10:12:13:14:15:16:17:18:19:20:21:22,0,0,none,1,0,0,0,0,0,0,0,0,0,0,0,0,0,0,0,0,0,0,0,0	//MO_BLADESTOP#真剑百破道#
270,0,0,15,0,0,0,99,0,0,none,5,0,0,0,0,0,0,0,0,0,0,0,0,0,0,0,0,0,0,0,0				//MO_EXPLOSIONSPIRITS#爆气#
271,0,0,1,0,0,0,0:1:2:3:4:5:6:7:8:9:10:12:13:14:15:16:17:18:19:20:21:22,0,0,explosionspirits,5,0,0,0,0,0,0,0,0,0,0,0,0,0,0,0,0,0,0,0,0	//MO_EXTREMITYFIST#阿修罗霸凰拳#
272,0,0,11:12:13:14:15,0,0,0,0:1:2:3:4:5:6:7:8:9:10:12:13:14:15:16:17:18:19:20:21:22,0,0,none,0,0,0,0,0,0,0,0,0,0,0,0,0,0,0,0,0,0,0,0,0	//MO_CHAINCOMBO#连环全身掌#
273,0,0,11:12:13:14:15,0,0,0,0:1:2:3:4:5:6:7:8:9:10:12:13:14:15:16:17:18:19:20:21:22,0,0,none,1,0,0,0,0,0,0,0,0,0,0,0,0,0,0,0,0,0,0,0,0	//MO_COMBOFINISH#猛龙夸强#

275,0,0,2,0,0,0,99,0,0,none,0,0,0,0,0,0,0,0,0,0,0,0,0,0,0,0,0,0,0,0,0				//SA_CASTCANCEL#取消施法#
276,0,0,2,0,0,0,99,0,0,none,0,0,0,0,0,0,0,0,0,0,0,0,0,0,0,0,0,0,0,0,0				//SA_MAGICROD#魔法惩罚#
277,0,0,10,0,0,0,99,0,0,none,0,0,0,0,0,0,0,0,0,0,0,0,0,0,0,0,0,0,0,0,0				//SA_SPELLBREAKER#念咒拆除#

279,0,0,35,0,0,0,99,0,0,none,0,0,0,0,0,0,0,0,0,0,0,0,0,0,0,0,0,0,0,0,0				//SA_AUTOSPELL#自动念咒#
280,0,0,40,0,0,0,99,0,0,none,0,990,1,0,0,0,0,0,0,0,0,0,0,0,0,0,0,0,0,0,0			//SA_FLAMELAUNCHER#火焰属性附加#
281,0,0,40,0,0,0,99,0,0,none,0,991,1,0,0,0,0,0,0,0,0,0,0,0,0,0,0,0,0,0,0			//SA_FROSTWEAPON#水属性附加#
282,0,0,40,0,0,0,99,0,0,none,0,992,1,0,0,0,0,0,0,0,0,0,0,0,0,0,0,0,0,0,0			//SA_LIGHTNINGLOADER#风属性附加#
283,0,0,40,0,0,0,99,0,0,none,0,993,1,0,0,0,0,0,0,0,0,0,0,0,0,0,0,0,0,0,0			//SA_SEISMICWEAPON#地属性附加#

285,0,0,48:46:44:42:40,0,0,0,99,0,0,none,0,715,1,0,0,0,0,0,0,0,0,0,0,0,0,0,0,0,0,0,0		//SA_VOLCANO#火元素领域#
286,0,0,48:46:44:42:40,0,0,0,99,0,0,none,0,715,1,0,0,0,0,0,0,0,0,0,0,0,0,0,0,0,0,0,0		//SA_DELUGE#水元素领域#
287,0,0,48:46:44:42:40,0,0,0,99,0,0,none,0,715,1,0,0,0,0,0,0,0,0,0,0,0,0,0,0,0,0,0,0		//SA_VIOLENTGALE#风元素领域#
288,0,0,66:62:58:54:50,0,0,0,99,0,0,none,0,717,1,715,1,0,0,0,0,0,0,0,0,0,0,0,0,0,0,0,0		//SA_LANDPROTECTOR#地元素领域#
289,0,0,1,0,0,0,99,0,0,none,0,715,1,0,0,0,0,0,0,0,0,0,0,0,0,0,0,0,0,0,0				//SA_DISPELL#魔法效果解除#
290,0,0,50,0,0,0,99,0,0,none,0,715,2,0,0,0,0,0,0,0,0,0,0,0,0,0,0,0,0,0,0			//SA_ABRACADABRA#随机技能#
291,0,0,1,0,0,0,99,0,0,none,0,0,0,0,0,0,0,0,0,0,0,0,0,0,0,0,0,0,0,0,0				//SA_MONOCELL#变换成波利#
292,0,0,1,0,0,0,99,0,0,none,0,0,0,0,0,0,0,0,0,0,0,0,0,0,0,0,0,0,0,0,0				//SA_CLASSCHANGE#变换成Boss级魔物#
293,0,0,1,0,0,0,99,0,0,none,0,0,0,0,0,0,0,0,0,0,0,0,0,0,0,0,0,0,0,0,0				//SA_SUMMONMONSTER#召唤魔物#
294,0,0,1,0,0,0,99,0,0,none,0,0,0,0,0,0,0,0,0,0,0,0,0,0,0,0,0,0,0,0,0				//SA_REVERSEORCISH#变成兽人面孔#
295,0,0,1,0,0,0,99,0,0,none,0,0,0,0,0,0,0,0,0,0,0,0,0,0,0,0,0,0,0,0,0				//SA_DEATH#死身#
296,0,0,1,0,0,0,99,0,0,none,0,0,0,0,0,0,0,0,0,0,0,0,0,0,0,0,0,0,0,0,0				//SA_FORTUNE#宿命#
297,0,0,1,0,0,0,99,0,0,none,0,0,0,0,0,0,0,0,0,0,0,0,0,0,0,0,0,0,0,0,0				//SA_TAMINGMONSTER#认养宠物#
298,0,0,1,0,0,0,99,0,0,none,0,0,0,0,0,0,0,0,0,0,0,0,0,0,0,0,0,0,0,0,0				//SA_QUESTION#问号#
299,0,0,1,0,0,0,99,0,0,none,0,0,0,0,0,0,0,0,0,0,0,0,0,0,0,0,0,0,0,0,0				//SA_GRAVITY#GRAVITY#
300,0,0,1,0,0,0,99,0,0,none,0,0,0,0,0,0,0,0,0,0,0,0,0,0,0,0,0,0,0,0,0				//SA_LEVELUP#升级#
301,0,0,1,0,0,0,99,0,0,none,0,0,0,0,0,0,0,0,0,0,0,0,0,0,0,0,0,0,0,0,0				//SA_INSTANTDEATH#自杀#
302,0,0,1,0,0,0,99,0,0,none,0,0,0,0,0,0,0,0,0,0,0,0,0,0,0,0,0,0,0,0,0				//SA_FULLRECOVERY#完全恢复#
303,0,0,1,0,0,0,99,0,0,none,0,0,0,0,0,0,0,0,0,0,0,0,0,0,0,0,0,0,0,0,0				//SA_COMA#频死之术#

304,0,0,1,0,0,0,99,0,0,none,0,0,0,0,0,0,0,0,0,0,0,0,0,0,0,0,0,0,0,0,0				//BD_ADAPTATION#临机应变#
305,0,0,1,0,0,0,13:14,0,0,none,0,0,0,0,0,0,0,0,0,0,0,0,0,0,0,0,0,0,0,0,0			//BD_ENCORE#安可#
306,0,0,20,0,0,0,13:14,0,0,none,0,0,0,0,0,0,0,0,0,0,0,0,0,0,0,0,0,0,0,0,0			//BD_LULLABY#摇篮曲#
307,0,0,20,0,0,0,13:14,0,0,none,0,0,0,0,0,0,0,0,0,0,0,0,0,0,0,0,0,0,0,0,0			//BD_RICHMANKIM#经验值倍增#
308,0,0,30,0,0,0,13:14,0,0,none,0,0,0,0,0,0,0,0,0,0,0,0,0,0,0,0,0,0,0,0,0			//BD_ETERNALCHAOS#永远的混沌#
309,0,0,38:41:44:47:50,0,0,0,13:14,0,0,none,0,0,0,0,0,0,0,0,0,0,0,0,0,0,0,0,0,0,0,0,0		//BD_DRUMBATTLEFIELD#战鼓震天#
310,0,0,38:41:44:47:50,0,0,0,13:14,0,0,none,0,0,0,0,0,0,0,0,0,0,0,0,0,0,0,0,0,0,0,0,0		//BD_RINGNIBELUNGEN#尼贝隆根之戒指#
311,0,0,15,0,0,0,13:14,0,0,none,0,0,0,0,0,0,0,0,0,0,0,0,0,0,0,0,0,0,0,0,0			//BD_ROKISWEIL#洛奇的悲鸣#
312,0,0,10,0,0,0,13:14,0,0,none,0,0,0,0,0,0,0,0,0,0,0,0,0,0,0,0,0,0,0,0,0			//BD_INTOABYSS#触媒之所#
313,0,0,20,0,0,0,13:14,0,0,none,0,0,0,0,0,0,0,0,0,0,0,0,0,0,0,0,0,0,0,0,0			//BD_SIEGFRIED#不死神齐格弗里德#

316,0,0,1:3:5:7:9,0,0,0,13,1,1,none,0,0,0,0,0,0,0,0,0,0,0,0,0,0,0,0,0,0,0,0,0			//BA_MUSICALSTRIKE#乐器攻击#
317,0,0,18:21:24:27:30,0,0,0,13,0,0,none,0,0,0,0,0,0,0,0,0,0,0,0,0,0,0,0,0,0,0,0,0		//BA_DISSONANCE#不谐和音#
318,0,0,12:14:16:18:20,0,0,0,99,0,0,none,0,0,0,0,0,0,0,0,0,0,0,0,0,0,0,0,0,0,0,0,0		//BA_FROSTJOKER#冷笑话#
319,0,0,24:28:32:36:40:44:48:52:56:60,0,0,0,13:14,0,0,none,0,0,0,0,0,0,0,0,0,0,0,0,0,0,0,0,0,0,0,0,0	//BA_WHISTLE#吹口哨#
320,0,0,38:41:44:47:50:53:56:59:62:65,0,0,0,13:14,0,0,none,0,0,0,0,0,0,0,0,0,0,0,0,0,0,0,0,0,0,0,0,0	//BA_ASSASSINCROSS#刺客的黄昏#
321,0,0,40:45:50:55:60:65:70:75:80:85,0,0,0,13:14,0,0,none,0,0,0,0,0,0,0,0,0,0,0,0,0,0,0,0,0,0,0,0,0	//BA_POEMBRAGI#布莱奇之诗#
322,0,0,40:45:50:55:60:65:70:75:80:85,0,0,0,13:14,0,0,none,0,0,0,0,0,0,0,0,0,0,0,0,0,0,0,0,0,0,0,0,0	//BA_APPLEIDUN#伊登的苹果#

324,0,0,1:3:5:7:9,0,0,0,14,1,1,none,0,0,0,0,0,0,0,0,0,0,0,0,0,0,0,0,0,0,0,0,0			//DC_THROWARROW#缠箭投掷#
325,0,0,23:26:29:32:35,0,0,0,14,0,0,none,0,0,0,0,0,0,0,0,0,0,0,0,0,0,0,0,0,0,0,0,0		//DC_UGLYDANCE#丑陋之舞#
326,0,0,12:14:16:18:20,0,0,0,99,0,0,none,0,0,0,0,0,0,0,0,0,0,0,0,0,0,0,0,0,0,0,0,0		//DC_SCREAM#惊声尖叫#
327,0,0,22:24:26:28:30:32:34:36:38:40,0,0,0,13:14,0,0,none,0,0,0,0,0,0,0,0,0,0,0,0,0,0,0,0,0,0,0,0,0	//DC_HUMMING#哼唱之音#
328,0,0,28:31:34:37:40:43:46:49:52:55,0,0,0,13:14,0,0,none,0,0,0,0,0,0,0,0,0,0,0,0,0,0,0,0,0,0,0,0,0	//DC_DONTFORGETME#勿忘我#
329,0,0,43:46:49:52:55:58:61:64:67:70,0,0,0,13:14,0,0,none,0,0,0,0,0,0,0,0,0,0,0,0,0,0,0,0,0,0,0,0,0	//DC_FORTUNEKISS#女神之吻#
330,0,0,40:45:50:55:60:65:70:75:80:85,0,0,0,13:14,0,0,none,0,0,0,0,0,0,0,0,0,0,0,0,0,0,0,0,0,0,0,0,0	//DC_SERVICEFORYOU#为您服务#

334,0,0,1,-10,0,0,99,0,0,none,0,0,0,0,0,0,0,0,0,0,0,0,0,0,0,0,0,0,0,0,0				//WE_MALE#只呵护你#
335,0,0,1,0,-10,0,99,0,0,none,0,0,0,0,0,0,0,0,0,0,0,0,0,0,0,0,0,0,0,0,0				//WE_FEMALE#只为你牺牲#
336,0,0,1,0,0,0,99,0,0,none,0,0,0,0,0,0,0,0,0,0,0,0,0,0,0,0,0,0,0,0,0				//WE_CALLPARTNER#想念你#
337,0,0,1,0,0,0,99,0,0,none,0,0,0,0,0,0,0,0,0,0,0,0,0,0,0,0,0,0,0,0,0				//ITM_TOMAHAWK#投掷风灵之斧#

355,0,0,18:26:34:42:50,0,0,0,1:2:3:4:5:6:7:8:9:10:11:12:13:14:15:16:17:18:19:20:21:22,0,0,none,0,0,0,0,0,0,0,0,0,0,0,0,0,0,0,0,0,0,0,0,0	//LK_AURABLADE#灵气剑#
356,0,0,50,0,0,0,3,0,0,none,0,0,0,0,0,0,0,0,0,0,0,0,0,0,0,0,0,0,0,0,0				//LK_PARRYING#双剑挡#
357,0,0,14:18:22:26:30,0,0,0,99,0,0,none,0,0,0,0,0,0,0,0,0,0,0,0,0,0,0,0,0,0,0,0,0		//LK_CONCENTRATION#集中攻击#
358,0,0,15,0,0,0,99,0,0,none,0,0,0,0,0,0,0,0,0,0,0,0,0,0,0,0,0,0,0,0,0				//LK_TENSIONRELAX#极速回复#
359,0,0,200,0,0,0,99,0,0,none,0,0,0,0,0,0,0,0,0,0,0,0,0,0,0,0,0,0,0,0,0				//LK_BERSERK#狂怒之枪#
361,0,0,20:30:40:50:60,0,0,0,99,0,0,none,0,0,0,0,0,0,0,0,0,0,0,0,0,0,0,0,0,0,0,0,0		//HP_ASSUMPTIO#圣母之祈福#
362,0,0,80:90:100:110:120,0,0,0,99,0,0,none,0,715,1,716,1,717,1,523,1,0,0,0,0,0,0,0,0,0,0,0,0	//HP_BASILICA#神圣殿堂#

365,0,0,8,0,0,0,99,0,0,none,0,0,0,0,0,0,0,0,0,0,0,0,0,0,0,0,0,0,0,0,0				//HW_MAGICCRASHER#魔击术#
366,0,0,14:18:22:26:30:34:38:42:46:50,0,0,0,99,0,0,none,0,0,0,0,0,0,0,0,0,0,0,0,0,0,0,0,0,0,0,0,0	//HW_MAGICPOWER#魔力增幅#
367,0,0,30:35:40:45:50,0,0,0,99,0,0,none,0,0,0,0,0,0,0,0,0,0,0,0,0,0,0,0,0,0,0,0,0		//PA_PRESSURE#神之威压#
368,0,0,100,0,0,0,99,0,0,none,0,0,0,0,0,0,0,0,0,0,0,0,0,0,0,0,0,0,0,0,0				//PA_SACRIFICE#舍命攻击#
369,0,0,80:80:80:80:80:100:100:100:100:100,0,0,0,99,0,0,none,0,0,0,0,0,0,0,0,0,0,0,0,0,0,0,0,0,0,0,0,0	//PA_GOSPEL#圣音#
370,0,0,2:4:6:8:10,0,0,0,99,0,0,explosionspirits,0,0,0,0,0,0,0,0,0,0,0,0,0,0,0,0,0,0,0,0,0	//CH_PALMSTRIKE#猛虎硬爬山#
371,0,0,4:6:8:10:12,0,0,0,99,0,0,none,1,0,0,0,0,0,0,0,0,0,0,0,0,0,0,0,0,0,0,0,0			//CH_TIGERFIST#伏虎拳#
372,0,0,4:6:8:10:12:14:16:18:20:22,0,0,0,99,0,0,none,2,0,0,0,0,0,0,0,0,0,0,0,0,0,0,0,0,0,0,0,0	//CH_CHAINCRUSH#气绝崩击#
373,0,0,1:2:3:4:5,0,0,0,99,0,0,none,0,0,0,0,0,0,0,0,0,0,0,0,0,0,0,0,0,0,0,0,0			//PF_HPCONVERSION#HP转换#
374,0,0,5,0,0,0,99,0,0,none,0,0,0,0,0,0,0,0,0,0,0,0,0,0,0,0,0,0,0,0,0				//PF_SOULCHANGE#心神互换#
375,0,0,80:90:100:110:120,0,0,0,99,0,0,none,0,0,0,0,0,0,0,0,0,0,0,0,0,0,0,0,0,0,0,0,0		//PF_SOULBURN#精神耗弱术#

378,0,0,60:70:80:90:100,0,0,0,99,0,0,none,0,678,1,0,0,0,0,0,0,0,0,0,0,0,0,0,0,0,0,0,0		//ASC_EDP#致命涂毒#
379,0,0,20:20:20:20:20:30:30:30:30:30,0,0,0,99,0,0,none,0,0,0,0,0,0,0,0,0,0,0,0,0,0,0,0,0,0,0,0,0	//ASC_BREAKER#心灵震波#
380,0,0,20:20:25:25:30:30:35:35:40:40,0,0,0,99,0,0,none,0,0,0,0,0,0,0,0,0,0,0,0,0,0,0,0,0,0,0,0,0	//SN_SIGHT#狙杀瞄准#
381,0,0,30:34:38:42:46,0,0,0,99,0,0,falcon,0,0,0,0,0,0,0,0,0,0,0,0,0,0,0,0,0,0,0,0,0		//SN_FALCONASSAULT#猎鹰突击#
382,0,0,18:21:24:27:30,0,0,0,11,1,1,none,0,0,0,0,0,0,0,0,0,0,0,0,0,0,0,0,0,0,0,0,0		//SN_SHARPSHOOTING#锐利射击#
383,0,0,46:52:58:64:70:76:82:88:94:100,0,0,0,99,0,0,none,0,0,0,0,0,0,0,0,0,0,0,0,0,0,0,0,0,0,0,0,0	//SN_WINDWALK#风之步#
384,0,0,50:50:60:60:70:70:80:80:90:90,0,0,0,99,0,0,none,0,0,0,0,0,0,0,0,0,0,0,0,0,0,0,0,0,0,0,0,0	//WS_MELTDOWN#野蛮凶砍#
385,0,0,5,0,0,0,99,0,0,none,0,0,0,0,0,0,0,0,0,0,0,0,0,0,0,0,0,0,0,0,0				//WS_CREATECOIN#Create Coins#
386,0,0,5,0,0,0,99,0,0,none,0,0,0,0,0,0,0,0,0,0,0,0,0,0,0,0,0,0,0,0,0				//WS_CREATENUGGET#Create Nuggets#
387,0,0,20,0,0,0,99,0,0,cart,0,0,0,0,0,0,0,0,0,0,0,0,0,0,0,0,0,0,0,0,0				//WS_CARTBOOST#手推车加速#
388,0,0,20,0,0,0,99,0,0,none,0,7137,1,0,0,0,0,0,0,0,0,0,0,0,0,0,0,0,0,0,0			//WS_SYSTEMCREATE#Auto Attack System#
389,0,0,10,0,0,0,99,0,0,none,0,0,0,0,0,0,0,0,0,0,0,0,0,0,0,0,0,0,0,0,0				//ST_CHASEWALK#暗影追踪#
390,0,0,10:15:20:25:30,0,0,0,99,0,0,none,0,0,0,0,0,0,0,0,0,0,0,0,0,0,0,0,0,0,0,0,0		//ST_REJECTSWORD#霸王魂#

394,0,0,12:14:16:18:20:22:24:26:28:30,0,0,0,13:14,1,1,none,0,0,0,0,0,0,0,0,0,0,0,0,0,0,0,0,0,0,0,0,0	//CG_ARROWVULCAN#奥义箭乱舞#
395,0,0,30:40:50:60:70,0,0,0,13:14,0,0,none,0,0,0,0,0,0,0,0,0,0,0,0,0,0,0,0,0,0,0,0,0		//CG_MOONLIT#落花伴着月光下的水车小屋#
396,0,0,100,0,0,0,99,0,0,none,0,0,0,0,0,0,0,0,0,0,0,0,0,0,0,0,0,0,0,0,0				//CG_MARIONETTE#傀儡师的把戏#
397,0,0,18:21:24:27:30,0,0,0,2:3:4:5,0,0,none,0,0,0,0,0,0,0,0,0,0,0,0,0,0,0,0,0,0,0,0,0		//LK_SPIRALPIERCE#螺旋刺击#
398,0,0,23,0,0,0,99,0,0,none,0,0,0,0,0,0,0,0,0,0,0,0,0,0,0,0,0,0,0,0,0				//LK_HEADCRUSH#伤害增压#
399,0,0,12:12:14:14:16:16:18:18:20:20,0,0,0,4:5,0,0,none,0,0,0,0,0,0,0,0,0,0,0,0,0,0,0,0,0,0,0,0,0	//LK_JOINTBEAT#巧打#
400,0,0,10:25:40:55:70,0,0,0,99,0,0,none,0,0,0,0,0,0,0,0,0,0,0,0,0,0,0,0,0,0,0,0,0		//HW_NAPALMVULCAN#念力连击#
401,0,0,20,0,0,0,99,0,0,none,0,0,0,0,0,0,0,0,0,0,0,0,0,0,0,0,0,0,0,0,0				//CH_SOULCOLLECT#狂蓄气#
402,0,0,12:15:18:21:24,0,0,0,99,0,0,none,0,0,0,0,0,0,0,0,0,0,0,0,0,0,0,0,0,0,0,0,0		//PF_MINDBREAKER#精神撼动#
403,0,0,1,0,0,0,99,0,0,none,0,0,0,0,0,0,0,0,0,0,0,0,0,0,0,0,0,0,0,0,0				//PF_MEMORIZE#速读术#
404,0,0,25,0,0,0,99,0,0,none,0,0,0,0,0,0,0,0,0,0,0,0,0,0,0,0,0,0,0,0,0				//PF_FOGWALL#薄雾墙#
405,0,0,50,0,0,0,99,0,0,none,0,1025,1,0,0,0,0,0,0,0,0,0,0,0,0,0,0,0,0,0,0			//PF_SPIDERWEB#易燃之网#
406,0,0,10:12:14:16:18:20:22:24:26:28,0,0,0,99,0,0,none,0,0,0,0,0,0,0,0,0,0,0,0,0,0,0,0,0,0,0,0,0	//ASC_METEORASSAULT#黑暗瞬间#
407,0,0,50,0,0,0,99,0,0,none,0,0,0,0,0,0,0,0,0,0,0,0,0,0,0,0,0,0,0,0,0				//ASC_CDP#毒液制作#
408,0,0,1,0,-10,0,99,0,0,none,0,0,0,0,0,0,0,0,0,0,0,0,0,0,0,0,0,0,0,0,0				//WE_BABY#爸妈我爱您#
409,0,0,1,0,0,0,99,0,0,none,0,0,0,0,0,0,0,0,0,0,0,0,0,0,0,0,0,0,0,0,0				//WE_CALLPARENT#爸妈我想念您#
410,0,0,1,0,0,0,99,0,0,none,0,0,0,0,0,0,0,0,0,0,0,0,0,0,0,0,0,0,0,0,0				//WE_CALLBABY#宝贝请来这里#
411,0,0,100:90:80:70:60:50:40:30:20:10,0,0,0,99,0,0,move_enable,0,0,0,0,0,0,0,0,0,0,0,0,0,0,0,0,0,0,0,0,0	//TK_RUN#跑步#
412,0,0,1,0,0,0,99,0,0,none,0,0,0,0,0,0,0,0,0,0,0,0,0,0,0,0,0,0,0,0,0				//TK_READYSTORM#回旋准备#
413,0,0,14:12:10:8:6:4:2,0,0,0,99,0,0,none,0,0,0,0,0,0,0,0,0,0,0,0,0,0,0,0,0,0,0,0,0		//TK_STORMKICK#回旋踢#
414,0,0,1,0,0,0,99,0,0,none,0,0,0,0,0,0,0,0,0,0,0,0,0,0,0,0,0,0,0,0,0				//TK_READYDOWN#砸踢准备#
415,0,0,14:12:10:8:6:4:2,0,0,0,99,0,0,none,0,0,0,0,0,0,0,0,0,0,0,0,0,0,0,0,0,0,0,0,0		//TK_DOWNKICK#砸踢#
416,0,0,1,0,0,0,99,0,0,none,0,0,0,0,0,0,0,0,0,0,0,0,0,0,0,0,0,0,0,0,0				//TK_READYTURN#踢准备#
417,0,0,14:12:10:8:6:4:2,0,0,0,99,0,0,none,0,0,0,0,0,0,0,0,0,0,0,0,0,0,0,0,0,0,0,0,0		//TK_TURNKICK#转身踢#
418,0,0,1,0,0,0,99,0,0,none,0,0,0,0,0,0,0,0,0,0,0,0,0,0,0,0,0,0,0,0,0				//TK_READYCOUNTER#还击准备#
419,0,0,14:12:10:8:6:4:2,0,0,0,99,0,0,none,0,0,0,0,0,0,0,0,0,0,0,0,0,0,0,0,0,0,0,0,0		//TK_COUNTER#还击踢#
420,0,0,1,0,0,0,99,0,0,none,0,0,0,0,0,0,0,0,0,0,0,0,0,0,0,0,0,0,0,0,0				//TK_DODGE#落法#
421,0,0,70:60:50:40:30:20:10,0,0,0,99,0,0,none,0,0,0,0,0,0,0,0,0,0,0,0,0,0,0,0,0,0,0,0,0	//TK_JUMPKICK#飞脚踢#

425,0,0,20:20:20:20:50:50:50,0,0,0,99,0,0,none,0,0,0,0,0,0,0,0,0,0,0,0,0,0,0,0,0,0,0,0,0	//TK_SEVENWIND#温暖的风#
426,0,0,50,0,0,0,99,0,0,none,0,0,0,0,0,0,0,0,0,0,0,0,0,0,0,0,0,0,0,0,0				//TK_HIGHJUMP#跳高#

427,0,0,100,0,0,0,99,0,0,none,0,0,0,0,0,0,0,0,0,0,0,0,0,0,0,0,0,0,0,0,0				//SG_FEEL#太阳和月亮和星星的感觉#
428,0,0,20,0,0,0,99,0,0,none,0,0,0,0,0,0,0,0,0,0,0,0,0,0,0,0,0,0,0,0,0				//SG_SUN_WARM#太阳的温暖#
429,0,0,20,0,0,0,99,0,0,none,0,0,0,0,0,0,0,0,0,0,0,0,0,0,0,0,0,0,0,0,0				//SG_MOON_WARM#月亮的温暖#
430,0,0,10,0,0,0,99,0,0,none,0,0,0,0,0,0,0,0,0,0,0,0,0,0,0,0,0,0,0,0,0				//SG_STAR_WARM#星星的温暖#
431,0,0,70:60:50:40,0,0,0,99,0,0,none,0,0,0,0,0,0,0,0,0,0,0,0,0,0,0,0,0,0,0,0,0			//SG_SUN_COMFORT#太阳的平安感#
432,0,0,70:60:50:40,0,0,0,99,0,0,none,0,0,0,0,0,0,0,0,0,0,0,0,0,0,0,0,0,0,0,0,0			//SG_MOON_COMFORT#月亮的平安感#
433,0,0,70:60:50:40,0,0,0,99,0,0,none,0,0,0,0,0,0,0,0,0,0,0,0,0,0,0,0,0,0,0,0,0			//SG_STAR_COMFORT#星星的平安感#
434,0,0,100,0,0,0,99,0,0,none,0,0,0,0,0,0,0,0,0,0,0,0,0,0,0,0,0,0,0,0,0				//SG_HATE#太阳和月亮和星星的憎恶#
444,0,0,100,0,0,0,99,0,0,none,0,0,0,0,0,0,0,0,0,0,0,0,0,0,0,0,0,0,0,0,0				//SG_FUSION#太阳和月亮和星星的融合#

445,0,0,460:360:260:160:60,0,0,0,99,0,0,none,0,0,0,0,0,0,0,0,0,0,0,0,0,0,0,0,0,0,0,0,0		//SL_ALCHEMIST#炼金术师的灵魂#
446,0,0,10,0,8,0,99,0,0,none,0,657,2,0,0,0,0,0,0,0,0,0,0,0,0,0,0,0,0,0,0			//AM_BERSERKPITCHER#菠色克投掷#
447,0,0,460:360:260:160:60,0,0,0,99,0,0,none,0,0,0,0,0,0,0,0,0,0,0,0,0,0,0,0,0,0,0,0,0		//SL_MONK#武道家的灵魂#
448,0,0,460:360:260:160:60,0,0,0,99,0,0,none,0,0,0,0,0,0,0,0,0,0,0,0,0,0,0,0,0,0,0,0,0		//SL_STAR#拳圣的灵魂#
449,0,0,460:360:260:160:60,0,0,0,99,0,0,none,0,0,0,0,0,0,0,0,0,0,0,0,0,0,0,0,0,0,0,0,0		//SL_SAGE#贤者的灵魂#
450,0,0,460:360:260:160:60,0,0,0,99,0,0,none,0,0,0,0,0,0,0,0,0,0,0,0,0,0,0,0,0,0,0,0,0		//SL_CRUSADER#十字军的灵魂#
451,0,0,460:360:260:160:60,0,0,0,99,0,0,none,0,0,0,0,0,0,0,0,0,0,0,0,0,0,0,0,0,0,0,0,0		//SL_SUPERNOVICE#超级初学者的灵魂#
452,0,0,460:360:260:160:60,0,0,0,99,0,0,none,0,0,0,0,0,0,0,0,0,0,0,0,0,0,0,0,0,0,0,0,0		//SL_KNIGHT#骑士的灵魂#
453,0,0,460:360:260:160:60,0,0,0,99,0,0,none,0,0,0,0,0,0,0,0,0,0,0,0,0,0,0,0,0,0,0,0,0		//SL_WIZARD#巫师的灵魂#
454,0,0,460:360:260:160:60,0,0,0,99,0,0,none,0,0,0,0,0,0,0,0,0,0,0,0,0,0,0,0,0,0,0,0,0		//SL_PRIEST#祭司的灵魂#
455,0,0,460:360:260:160:60,0,0,0,99,0,0,none,0,0,0,0,0,0,0,0,0,0,0,0,0,0,0,0,0,0,0,0,0		//SL_BARDDANCER#吟游诗人和舞娘的灵魂#
456,0,0,460:360:260:160:60,0,0,0,99,0,0,none,0,0,0,0,0,0,0,0,0,0,0,0,0,0,0,0,0,0,0,0,0		//SL_ROGUE#流氓的灵魂#
457,0,0,460:360:260:160:60,0,0,0,99,0,0,none,0,0,0,0,0,0,0,0,0,0,0,0,0,0,0,0,0,0,0,0,0		//SL_ASSASIN#刺客的灵魂#
458,0,0,460:360:260:160:60,0,0,0,99,0,0,none,0,0,0,0,0,0,0,0,0,0,0,0,0,0,0,0,0,0,0,0,0		//SL_BLACKSMITH#铁匠的灵魂#
459,0,0,64,0,0,0,0:1:2:3:4:5:6:7:8:9:10:12:13:14:15:16,0,0,none,0,0,0,0,0,0,0,0,0,0,0,0,0,0,0,0,0,0,0,0,0	//BS_ADRENALINE2#所有速度激发#
460,0,0,460:360:260:160:60,0,0,0,99,0,0,none,0,0,0,0,0,0,0,0,0,0,0,0,0,0,0,0,0,0,0,0,0		//SL_HUNTER#猎人的灵魂#
461,0,0,460:360:260:160:60,0,0,0,99,0,0,none,0,0,0,0,0,0,0,0,0,0,0,0,0,0,0,0,0,0,0,0,0		//SL_SOULLINKER#悟灵士的灵魂#
462,0,0,120:110:100:90:80:70:60,0,0,0,99,0,0,none,0,0,0,0,0,0,0,0,0,0,0,0,0,0,0,0,0,0,0,0,0	//SL_KAIZEL#凯易哲#
463,0,0,30,0,0,0,99,0,0,none,0,0,0,0,0,0,0,0,0,0,0,0,0,0,0,0,0,0,0,0,0				//SL_KAAHI#凯阿希#
464,0,0,20:30:40,0,0,0,99,0,0,none,0,0,0,0,0,0,0,0,0,0,0,0,0,0,0,0,0,0,0,0,0			//SL_KAUPE#凯诬仆#
465,0,0,70,0,0,0,99,0,0,none,0,0,0,0,0,0,0,0,0,0,0,0,0,0,0,0,0,0,0,0,0				//SL_KAITE#凯易特#
467,0,0,18:20:22:24:26:28:30,0,0,0,99,0,0,none,0,0,0,0,0,0,0,0,0,0,0,0,0,0,0,0,0,0,0,0,0	//SL_STIN#艾斯提#
468,0,0,18:20:22:24:26:28:30,0,0,0,99,0,0,none,0,0,0,0,0,0,0,0,0,0,0,0,0,0,0,0,0,0,0,0,0	//SL_STUN#艾斯敦#
469,0,0,8:16:24:32:40:48:56:64:72:80,0,0,0,99,0,0,none,0,0,0,0,0,0,0,0,0,0,0,0,0,0,0,0,0,0,0,0,0	//SL_SMA#艾斯麻#
470,0,0,75:65:55:45:35:25:15,0,0,0,99,0,0,none,0,0,0,0,0,0,0,0,0,0,0,0,0,0,0,0,0,0,0,0,0	//SL_SWOO#艾斯诬#
471,0,0,55:35:15,0,0,0,99,0,0,none,0,0,0,0,0,0,0,0,0,0,0,0,0,0,0,0,0,0,0,0,0			//SL_SKE#艾斯克#
472,0,0,100:80:60,0,0,0,99,0,0,none,0,0,0,0,0,0,0,0,0,0,0,0,0,0,0,0,0,0,0,0,0			//SL_SKA#艾斯卡#

475,0,0,30,0,0,0,99,0,0,none,0,0,0,0,0,0,0,0,0,0,0,0,0,0,0,0,0,0,0,0,0				//ST_PRESERVE#自由保护#
476,0,0,22:24:26:28:30,0,0,0,99,0,0,none,0,0,0,0,0,0,0,0,0,0,0,0,0,0,0,0,0,0,0,0,0		//ST_FULLSTRIP#所有卸除#
477,0,0,5,0,0,0,99,0,0,none,0,0,0,0,0,0,0,0,0,0,0,0,0,0,0,0,0,0,0,0,0				//WS_WEAPONREFINE#武器精练#
478,0,0,30,0,0,0,99,0,0,none,0,545,1,545,1,545,1,545,1,545,1,546,1,546,1,546,1,546,1,547,1	//CR_SLIMPITCHER#纤细药水投掷#
479,0,0,40,0,0,0,99,0,0,none,0,7139,1,0,0,0,0,0,0,0,0,0,0,0,0,0,0,0,0,0,0			//CR_FULLPROTECTION#所有化学武器保护#
480,0,0,28:31:34:37:40,0,0,0,99,0,0,shield,0,0,0,0,0,0,0,0,0,0,0,0,0,0,0,0,0,0,0,0,0		//PA_SHIELDCHAIN#连续盾击#

482,0,0,40:45:50:55:60,0,0,0,99,0,0,none,0,0,0,0,0,0,0,0,0,0,0,0,0,0,0,0,0,0,0,0,0		//PF_DOUBLECASTING#双倍投掷#
483,0,0,40,0,0,0,99,0,0,none,0,715,1,717,1,0,0,0,0,0,0,0,0,0,0,0,0,0,0,0,0			//HW_GANBANTEIN#咖般塔音#
484,0,0,20:40:60:80:100,0,0,0,99,0,0,none,0,717,1,0,0,0,0,0,0,0,0,0,0,0,0,0,0,0,0,0,0		//HW_GRAVITATION#重力原野#
485,0,0,15,0,0,600:700:800:900:1000:1100:1200:1300:1400:1500,0:1:2:3:4:5:6:7:8:9:10:12:13:14:15:16:17:18:19:20:21:22,0,0,cartboost,0,0,0,0,0,0,0,0,0,0,0,0,0,0,0,0,0,0,0,0,0	//WS_CARTTERMINATION#手推车终结技#
486,0,0,15,0,0,3000:3500:4000:4500:5000,0:1:2:3:4:5:6:7:8:9:10:12:13:14:15:16:17:18:19:20:21:22,0,0,none,0,0,0,0,0,0,0,0,0,0,0,0,0,0,0,0,0,0,0,0,0	//WS_OVERTHRUSTMAX#凶砍最大值#
487,0,0,15,0,0,0,99,0,0,none,0,0,0,0,0,0,0,0,0,0,0,0,0,0,0,0,0,0,0,0,0				//CG_LONGINGFREEDOM#不要拘束我#
488,0,0,20:30:40:50:60,0,0,0,13:14,0,0,none,0,0,0,0,0,0,0,0,0,0,0,0,0,0,0,0,0,0,0,0,0		//CG_HERMODE#海罗默德的手杖#
489,0,0,40,0,0,0,99,0,0,none,0,0,0,0,0,0,0,0,0,0,0,0,0,0,0,0,0,0,0,0,0				//CG_TAROTCARD#命运的塔罗牌#
490,0,0,30,0,0,0,99,0,0,none,0,7135,1,7136,1,0,0,0,0,0,0,0,0,0,0,0,0,0,0,0,0			//CR_ACIDDEMONSTRATION#强酸火烟瓶投掷#
491,0,0,10,0,0,0,99,0,0,none,0,921,1,905,1,0,0,0,0,0,0,0,0,0,0,0,0,0,0,0,0			//CR_CULTIVATION#植物栽培#
492,0,0,1,0,0,0,99,0,0,none,0,0,0,0,0,0,0,0,0,0,0,0,0,0,0,0,0,0,0,0,0				//ITEM_ENCHANTARMS#武器属性附加#
493,0,0,10,0,0,0,99,0,0,none,0,0,0,0,0,0,0,0,0,0,0,0,0,0,0,0,0,0,0,0,0				//TK_MISSION#太拳任务#
494,0,0,460:360:260:160:60,0,0,0,99,0,0,none,0,0,0,0,0,0,0,0,0,0,0,0,0,0,0,0,0,0,0,0,0		//SL_HIGH#一转上等职业的灵魂#
495,0,0,100,0,0,0,2,0,0,none,0,0,0,0,0,0,0,0,0,0,0,0,0,0,0,0,0,0,0,0,0				//KN_ONEHAND#单手剑攻击速度增加#
496,0,0,200,0,0,0,99,0,0,none,0,7134,200,0,0,0,0,0,0,0,0,0,0,0,0,0,0,0,0,0,0			//AM_TWILIGHT1#宽广配药#
497,0,0,200,0,0,0,99,0,0,none,0,7134,200,0,0,0,0,0,0,0,0,0,0,0,0,0,0,0,0,0,0			//AM_TWILIGHT2#宽广配药#
498,0,0,200,0,0,0,99,0,0,none,0,7134,200,0,0,0,0,0,0,0,0,0,0,0,0,0,0,0,0,0,0			//AM_TWILIGHT3#宽广配药#
499,0,0,12,0,0,0,11,1,1,none,0,0,0,0,0,0,0,0,0,0,0,0,0,0,0,0,0,0,0,0,0				//HT_POWER#动物猛击#
500,0,0,2,0,0,1,99,0,0,none,0,0,0,0,0,0,0,0,0,0,0,0,0,0,0,0,0,0,0,0,0				//GS_GLITTERING#装满硬币#
501,0,0,10,0,0,0,99,0,0,none,5,0,0,0,0,0,0,0,0,0,0,0,0,0,0,0,0,0,0,0,0				//GS_FLING#投掷硬币#
502,0,0,20,0,0,0,99,99,1,none,1,0,0,0,0,0,0,0,0,0,0,0,0,0,0,0,0,0,0,0,0				//GS_TRIPLEACTION#三连攻击#
503,0,0,30,0,0,0,99,99,1,none,1,0,0,0,0,0,0,0,0,0,0,0,0,0,0,0,0,0,0,0,0				//GS_BULLSEYE#公牛之眼#
504,0,0,30,0,0,0,99,0,0,none,4,0,0,0,0,0,0,0,0,0,0,0,0,0,0,0,0,0,0,0,0				//GS_MADNESSCANCEL#疯狂凯斯乐#
505,0,0,15,0,0,0,99,0,0,none,2,0,0,0,0,0,0,0,0,0,0,0,0,0,0,0,0,0,0,0,0				//GS_ADJUSTMENT#终极闪躲#
506,0,0,30,0,0,0,99,0,0,none,4,0,0,0,0,0,0,0,0,0,0,0,0,0,0,0,0,0,0,0,0				//GS_INCREASING#命中率递增#
507,0,0,7,0,0,0,99,0,0,none,1,0,0,0,0,0,0,0,0,0,0,0,0,0,0,0,0,0,0,0,0				//GS_MAGICALBULLET#魔术弹#
508,0,0,10,0,0,0,99,99,1,none,1,0,0,0,0,0,0,0,0,0,0,0,0,0,0,0,0,0,0,0,0				//GS_CRACKER#轰然巨响#
512,0,0,15:20:25:30:35:40:45:50:55:60,0,0,0,17:18,3,1,none,0,0,0,0,0,0,0,0,0,0,0,0,0,0,0,0,0,0,0,0,0	//GS_TRACKING#百步穿杨#
513,0,0,15:20:25:30:35,0,0,0,17:18,3,1,none,0,0,0,0,0,0,0,0,0,0,0,0,0,0,0,0,0,0,0,0,0		//GS_DISARM#抛戈卸甲#
514,0,0,11:12:13:14:15,0,0,0,17:18,3,1,none,0,0,0,0,0,0,0,0,0,0,0,0,0,0,0,0,0,0,0,0,0		//GS_PIERCINGSHOT#霹雳弹#
515,0,0,22:24:26:28:30:32:34:36:38:40,0,0,0,17,3,5,none,0,0,0,0,0,0,0,0,0,0,0,0,0,0,0,0,0,0,0,0,0	//GS_RAPIDSHOWER#五连击#
516,0,0,32:34:36:38:40:42:44:46:48:50,0,0,0,17,3,10,none,0,0,0,0,0,0,0,0,0,0,0,0,0,0,0,0,0,0,0,0,0	//GS_DESPERADO#亡命之徒#
517,0,0,30:32:34:36:38:40:42:44:46:48,0,0,0,19,0,0,none,0,0,0,0,0,0,0,0,0,0,0,0,0,0,0,0,0,0,0,0,0	//GS_GATLINGFEVER#格林狂热#
518,0,0,3:6:9:12:15:18:21:24:27:30,0,0,0,20,3,1,none,0,0,0,0,0,0,0,0,0,0,0,0,0,0,0,0,0,0,0,0,0	//GS_DUST#弹片四射#
519,0,0,20:25:30:35:40:45:50:55:60:65,0,0,0,20,3,2:2:4:4:6:6:8:8:10:10,none,0,0,0,0,0,0,0,0,0,0,0,0,0,0,0,0,0,0,0,0,0	//GS_FULLBUSTER#全面破坏#
520,0,0,15:20:25:30:35:40:45:50:55:60,0,0,0,20,3,5,none,0,0,0,0,0,0,0,0,0,0,0,0,0,0,0,0,0,0,0,0,0	//GS_SPREADATTACK#火力全开#
521,0,0,4:8:12:16:20:24:28:32:36:40,0,0,0,21,5,1,none,0,0,0,0,0,0,0,0,0,0,0,0,0,0,0,0,0,0,0,0,0	//GS_GROUNDDRIFT#四面埋伏#
523,0,0,2,0,0,0,99,6,1,none,0,0,0,0,0,0,0,0,0,0,0,0,0,0,0,0,0,0,0,0,0				//NJ_SYURIKEN#投掷飞镖#
524,0,0,30:25:20:15:10,0,0,0,99,7,1,none,0,0,0,0,0,0,0,0,0,0,0,0,0,0,0,0,0,0,0,0,0		//NJ_KUNAI#投掷飞刀#
525,0,0,20:25:30:35:40,0,0,0,22,0,0,none,0,0,0,0,0,0,0,0,0,0,0,0,0,0,0,0,0,0,0,0,0		//NJ_HUUMA#投掷风魔飞镖#
526,0,0,50,0,0,500:1000:1500:2000:2500:3000:3500:4000:4500:5000,99,0,0,none,0,0,0,0,0,0,0,0,0,0,0,0,0,0,0,0,0,0,0,0,0	//NJ_ZENYNAGE#投掷金钱#
527,0,0,15,0,0,0,99,0,0,none,0,0,0,0,0,0,0,0,0,0,0,0,0,0,0,0,0,0,0,0,0				//NJ_TATAMIGAESHI#榻榻米攻击#
528,0,0,10:12:14:16:18:20:22:24:26:28,0,0,0,99,0,0,none,0,0,0,0,0,0,0,0,0,0,0,0,0,0,0,0,0,0,0,0,0	//NJ_KASUMIKIRI#影子跳跃#
529,0,0,10,0,0,0,99,0,0,hiding,0,0,0,0,0,0,0,0,0,0,0,0,0,0,0,0,0,0,0,0,0			//NJ_SHADOWJUMP#雾里砍劈#
530,0,0,14:16:18:20:22,0,0,0,99,0,0,hiding,0,0,0,0,0,0,0,0,0,0,0,0,0,0,0,0,0,0,0,0,0		//NJ_KIRIKAGE#隐身攻击#
531,0,0,12:15:18:21:24,0,0,0,99,0,0,none,0,0,0,0,0,0,0,0,0,0,0,0,0,0,0,0,0,0,0,0,0		//NJ_UTSUSEMI#金蝉脱壳#
532,0,0,30:32:34:36:38:40:42:44:46:48,0,0,0,99,0,0,none,0,7524,1,0,0,0,0,0,0,0,0,0,0,0,0,0,0,0,0,0,0	//NJ_BUNSINJYUTSU#幻影分身#
533,0,0,10,0,0,0,99,0,0,none,0,0,0,0,0,0,0,0,0,0,0,0,0,0,0,0,0,0,0,0,0				//NJ_NINPOU#忍术修练#
534,0,0,18:20:22:24:26:28:30:32:34:36,0,0,0,99,0,0,none,0,0,0,0,0,0,0,0,0,0,0,0,0,0,0,0,0,0,0,0,0	//NJ_KOUENKA#火炎花#
535,0,0,25,0,0,0,99,0,0,none,0,7521,1,0,0,0,0,0,0,0,0,0,0,0,0,0,0,0,0,0,0			//NJ_KAENSIN#火炎阵#
536,0,0,20:25:30:35:40,0,0,0,99,0,0,none,0,7521,1,0,0,0,0,0,0,0,0,0,0,0,0,0,0,0,0,0,0		//NJ_BAKUENRYU#爆炎龙#
537,0,0,15:18:21:24:27:30:33:36:39:42,0,0,0,99,0,0,none,0,0,0,0,0,0,0,0,0,0,0,0,0,0,0,0,0,0,0,0,0	//NJ_HYOUSENSOU#冰闪枪#
538,0,0,15:18:21:24:27:30:33:36:39:42,0,0,0,99,0,0,none,0,7522,1,0,0,0,0,0,0,0,0,0,0,0,0,0,0,0,0,0,0	//NJ_SUITON#水钝#
539,0,0,40:45:50:55:60,0,0,0,99,0,0,none,0,7522,1,0,0,0,0,0,0,0,0,0,0,0,0,0,0,0,0,0,0		//NJ_HYOUSYOURAKU#冰晶落#
540,0,0,12:14:16:18:20:22:24:26:28:30,0,0,0,99,0,0,none,0,0,0,0,0,0,0,0,0,0,0,0,0,0,0,0,0,0,0,0,0	//NJ_HUUJIN#风刃#
541,0,0,16:20:24:28:32,0,0,0,99,0,0,none,0,7523,1,0,0,0,0,0,0,0,0,0,0,0,0,0,0,0,0,0,0		//NJ_RAIGEKISAI#雷击碎#
542,0,0,24:28:32:36:40,0,0,0,99,0,0,none,0,7523,1,0,0,0,0,0,0,0,0,0,0,0,0,0,0,0,0,0,0		//NJ_KAMAITACHI#朔风#
543,0,0,20:30:40:50:60,-5,0,0,99,0,0,none,0,0,0,0,0,0,0,0,0,0,0,0,0,0,0,0,0,0,0,0,0		//NJ_NEN#念#
544,0,0,55:60:65:70:75:80:85:90:95:100,0,0,0,99,0,0,none,0,0,0,0,0,0,0,0,0,0,0,0,0,0,0,0,0,0,0,0,0	//NJ_ISSEN#一闪击#

698,0,0,1,0,0,0,99,0,0,none,0,0,0,0,0,0,0,0,0,0,0,0,0,0,0,0,0,0,0,0,0				//ALL_WEWISH#Christmas Carol#

1001,0,0,40,0,0,0,99,0,0,none,0,0,0,0,0,0,0,0,0,0,0,0,0,0,0,0,0,0,0,0,0				//KN_CHARGEATK#冲锋攻击#
1002,0,0,15,0,0,0,99,0,0,shield,0,0,0,0,0,0,0,0,0,0,0,0,0,0,0,0,0,0,0,0,0			//CR_SHRINK#退缩#
1004,0,0,15,0,0,0,99,2,1,none,0,0,0,0,0,0,0,0,0,0,0,0,0,0,0,0,0,0,0,0,0				//AS_VENOMKNIFE#毒刃#
1005,0,0,25,0,0,0,99,0,0,none,0,0,0,0,0,0,0,0,0,0,0,0,0,0,0,0,0,0,0,0,0				//RG_CLOSECONFINE#紧密的约束#
1006,0,0,40,0,0,0,99,0,0,none,0,0,0,0,0,0,0,0,0,0,0,0,0,0,0,0,0,0,0,0,0				//WZ_SIGHTBLASTER#火狩芽#
1007,0,0,30,0,0,0,99,0,0,none,0,0,0,0,0,0,0,0,0,0,0,0,0,0,0,0,0,0,0,0,0				//SA_CREATECON#元素肯贝特 制作#
1008,0,0,30,0,0,0,99,0,0,none,0,12115,1,0,0,0,0,0,0,0,0,0,0,0,0,0,0,0,0,0,0			//SA_ELEMENTWATER#元素更换(水)#
1009,0,0,10,0,0,0,11,0,0,none,0,0,0,0,0,0,0,0,0,0,0,0,0,0,0,0,0,0,0,0,0				//HT_PHANTASMIC#幻影箭#
1010,0,0,20,0,0,0,99,0,0,none,0,0,0,0,0,0,0,0,0,0,0,0,0,0,0,0,0,0,0,0,0				//BA_PANGVOICE#阵痛之声#
1011,0,0,40,0,0,0,99,0,0,none,0,0,0,0,0,0,0,0,0,0,0,0,0,0,0,0,0,0,0,0,0				//DC_WINKCHARM#眨眼之诱#
1013,0,0,10,0,0,0,99,0,0,none,0,0,0,0,0,0,0,0,0,0,0,0,0,0,0,0,0,0,0,0,0				//BS_GREED#贪婪#
1014,0,0,400,0,0,0,99,0,0,none,0,0,0,0,0,0,0,0,0,0,0,0,0,0,0,0,0,0,0,0,0			//PR_REDEMPTIO#舍身取义#
1015,0,0,40,0,0,0,99,0,0,none,1,0,0,0,0,0,0,0,0,0,0,0,0,0,0,0,0,0,0,0,0				//MO_KITRANSLATION#振气注入#
1016,10,0,20,0,0,0,99,0,0,none,0,0,0,0,0,0,0,0,0,0,0,0,0,0,0,0,0,0,0,0,0			//MO_BALKYOUNG#发劲#
1017,0,0,30,0,0,0,99,0,0,none,0,12116,1,0,0,0,0,0,0,0,0,0,0,0,0,0,0,0,0,0,0			//SA_ELEMENTGROUND#元素更换(地)#
1018,0,0,30,0,0,0,99,0,0,none,0,12114,1,0,0,0,0,0,0,0,0,0,0,0,0,0,0,0,0,0,0			//SA_ELEMENTFIRE#元素更换(火)#
1019,0,0,30,0,0,0,99,0,0,none,0,12117,1,0,0,0,0,0,0,0,0,0,0,0,0,0,0,0,0,0,0			//SA_ELEMENTWIND#元素更换(风)#

//2533,0,0,1,0,0,0,99,0,0,none,0,0,0,0,0,0,0,0,0,0,0,0,0,0,0,0,0,0,0,0,0	//ALL_ODINS_RECALL#奥丁的召唤#
//2534,0,0,1,0,0,0,99,0,0,none,0,0,0,0,0,0,0,0,0,0,0,0,0,0,0,0,0,0,0,0,0	//RETURN_TO_ELDICASTES#回到ELDICASTES#
2535,0,0,30,0,0,0,99,0,0,none,0,6377,1,0,0,0,0,0,0,0,0,0,0,0,0,0,0,0,0,0,0	//ALL_BUYING_STORE#收购商店#
//2536,0,0,10,0,0,0,99,0,0,none,0,0,0,0,0,0,0,0,0,0,0,0,0,0,0,0,0,0,0,0,0	//ALL_GUARDIAN_RECALL#守护者的召唤#
2537,0,0,70:100,0,0,0,99,0,0,none,0,0,0,0,0,0,0,0,0,0,0,0,0,0,0,0,0,0,0,0,0	//ALL_ODINS_POWER#奥丁神力#

8001,0,0,13:16:19:22:25,0,0,0,99,0,0,none,0,545,1,0,0,0,0,0,0,0,0,0,0,0,0,0,0,0,0,0,0	//HLIF_HEAL#治愈之手#
8002,0,0,20:25:30:35:40,0,0,0,99,0,0,none,0,0,0,0,0,0,0,0,0,0,0,0,0,0,0,0,0,0,0,0,0	//HLIF_AVOID#轻捷移动#
8004,0,0,100,0,0,0,99,0,0,none,0,0,0,0,0,0,0,0,0,0,0,0,0,0,0,0,0,0,0,0,0		//HLIF_CHANGE#智力变换#
8005,0,0,10,0,0,0,99,0,0,none,0,0,0,0,0,0,0,0,0,0,0,0,0,0,0,0,0,0,0,0,0			//HAMI_CASTLE#位置互换#
8006,0,0,20:25:30:35:40,0,0,0,99,0,0,none,0,0,0,0,0,0,0,0,0,0,0,0,0,0,0,0,0,0,0,0,0	//HAMI_DEFENCE#防御力#
8008,0,0,120,0,0,0,99,0,0,none,0,0,0,0,0,0,0,0,0,0,0,0,0,0,0,0,0,0,0,0,0		//HAMI_BLOODLUST#血的贪求#
8009,0,0,4:8:12:16:20,0,0,0,99,0,0,none,0,0,0,0,0,0,0,0,0,0,0,0,0,0,0,0,0,0,0,0,0	//HFLI_MOON#月光#
8010,0,0,30:40:50:60:70,0,0,0,99,0,0,none,0,0,0,0,0,0,0,0,0,0,0,0,0,0,0,0,0,0,0,0,0	//HFLI_FLEET#横越速度#
8011,0,0,30:40:50:60:70,0,0,0,99,0,0,none,0,0,0,0,0,0,0,0,0,0,0,0,0,0,0,0,0,0,0,0,0	//HFLI_SPEED#紧急回避#
8012,0,0,1,0,0,0,99,0,0,none,0,0,0,0,0,0,0,0,0,0,0,0,0,0,0,0,0,0,0,0,0			//HFLI_SBR44#S.B.R.44#
8013,0,0,22:24:26:28:30,0,0,0,99,0,0,none,0,0,0,0,0,0,0,0,0,0,0,0,0,0,0,0,0,0,0,0,0	//HVAN_CAPRICE#善变#
8014,0,0,40,0,0,0,99,0,0,none,0,0,0,0,0,0,0,0,0,0,0,0,0,0,0,0,0,0,0,0,0			//HVAN_CHAOTIC#混乱的祈福#
8016,0,0,1,0,0,0,99,0,0,none,0,0,0,0,0,0,0,0,0,0,0,0,0,0,0,0,0,0,0,0,0			//HVAN_EXPLOSION#生物爆炸#

8201,0,0,8:8:8:8:8:15:15:15:15:15,0,0,0,0:1:2:3:4:5:6:7:8:9:10:12:13:14:15:16:17:18:19:20:21:22,0,0,none,0,0,0,0,0,0,0,0,0,0,0,0,0,0,0,0,0,0,0,0,0	//MS_BASH#狂击#
8202,20:20:19:19:18:18:17:17:16:16,0,30,0,0,0,99,0,0,none,0,0,0,0,0,0,0,0,0,0,0,0,0,0,0,0,0,0,0,0,0	//MS_MAGNUM#怒爆#
8203,0,0,13:14:15:16:17:18:19:20:21:22,0,0,0,99,0,0,none,0,0,0,0,0,0,0,0,0,0,0,0,0,0,0,0,0,0,0,0,0	//MS_BOWLINGBASH#怪物互击#
8204,0,0,50,0,0,0,99,0,0,none,0,0,0,0,0,0,0,0,0,0,0,0,0,0,0,0,0,0,0,0,0			//MS_PARRYING#双剑挡#
8205,0,0,35:40:45:50:55:60:65:70:75:80,0,0,0,99,0,0,none,0,0,0,0,0,0,0,0,0,0,0,0,0,0,0,0,0,0,0,0,0	//MS_REFLECTSHIELD#反射盾#
8206,0,0,100,0,0,0,99,0,0,none,0,0,0,0,0,0,0,0,0,0,0,0,0,0,0,0,0,0,0,0,0		//MS_BERSERK#狂怒之枪#
8207,0,0,12,0,0,0,99,1,1,none,0,0,0,0,0,0,0,0,0,0,0,0,0,0,0,0,0,0,0,0,0			//MA_DOUBLE#二连矢#
8208,0,0,15,0,0,0,99,1,1,none,0,0,0,0,0,0,0,0,0,0,0,0,0,0,0,0,0,0,0,0,0			//MA_SHOWER#箭雨#
8209,0,0,10,0,0,0,99,0,0,none,0,0,0,0,0,0,0,0,0,0,0,0,0,0,0,0,0,0,0,0,0			//MA_SKIDTRAP#滑动陷阱#
8210,0,0,10,0,0,0,99,0,0,none,0,0,0,0,0,0,0,0,0,0,0,0,0,0,0,0,0,0,0,0,0			//MA_LANDMINE#地雷陷阱#
8211,0,0,12,0,0,0,99,0,0,none,0,0,0,0,0,0,0,0,0,0,0,0,0,0,0,0,0,0,0,0,0			//MA_SANDMAN#睡魔陷阱#
8212,0,0,10,0,0,0,99,0,0,none,0,0,0,0,0,0,0,0,0,0,0,0,0,0,0,0,0,0,0,0,0			//MA_FREEZINGTRAP#霜冻陷阱#
8213,0,0,5,0,0,0,99,0,0,none,0,0,0,0,0,0,0,0,0,0,0,0,0,0,0,0,0,0,0,0,0			//MA_REMOVETRAP#陷阱移除#
8214,0,0,15,0,0,0,99,1,1,none,0,0,0,0,0,0,0,0,0,0,0,0,0,0,0,0,0,0,0,0,0			//MA_CHARGEARROW#冲锋箭#
8215,0,0,18:21:24:27:30,0,0,0,99,1,1,none,0,0,0,0,0,0,0,0,0,0,0,0,0,0,0,0,0,0,0,0,0	//MA_SHARPSHOOTING#锐利射击#
8216,0,0,7,0,0,0,99,0,0,none,0,0,0,0,0,0,0,0,0,0,0,0,0,0,0,0,0,0,0,0,0			//ML_PIERCE#连刺攻击#
8217,0,0,12,0,0,0,99,0,0,none,0,0,0,0,0,0,0,0,0,0,0,0,0,0,0,0,0,0,0,0,0			//ML_BRANDISH#骑乘攻击#
8218,0,0,18:21:24:27:30,0,0,0,99,0,0,none,0,0,0,0,0,0,0,0,0,0,0,0,0,0,0,0,0,0,0,0,0	//ML_SPIRALPIERCE#螺旋击刺#
8219,0,0,30,0,0,0,99,0,0,shield,0,0,0,0,0,0,0,0,0,0,0,0,0,0,0,0,0,0,0,0,0		//ML_DEFENDER#光之盾#
8220,0,0,12:14:16:18:20:22:24:26:28:30,0,0,0,99,0,0,none,0,0,0,0,0,0,0,0,0,0,0,0,0,0,0,0,0,0,0,0,0	//ML_AUTOGUARD#自动防御#
8221,0,0,25,0,0,0,99,0,0,none,0,0,0,0,0,0,0,0,0,0,0,0,0,0,0,0,0,0,0,0,0			//ML_DEVOTION#牺牲#
8222,0,0,40,0,0,0,99,0,0,none,0,0,0,0,0,0,0,0,0,0,0,0,0,0,0,0,0,0,0,0,0			//MER_MAGNIFICAT#莫纳的祝福#
8223,0,0,14:18:22:26:30:34:38:42:46:50,0,0,0,99,0,0,none,0,0,0,0,0,0,0,0,0,0,0,0,0,0,0,0,0,0,0,0,0	//MER_QUICKEN#加速武器#
8224,0,0,10,0,0,0,99,0,0,none,0,0,0,0,0,0,0,0,0,0,0,0,0,0,0,0,0,0,0,0,0			//MER_SIGHT#狙杀瞄准#
8225,0,0,10,0,0,0,99,0,0,none,0,0,0,0,0,0,0,0,0,0,0,0,0,0,0,0,0,0,0,0,0			//MER_CRASH#撞击#
8226,0,0,10,0,0,0,99,0,0,none,0,0,0,0,0,0,0,0,0,0,0,0,0,0,0,0,0,0,0,0,0			//MER_REGAIN#恢复#
8227,0,0,10,0,0,0,99,0,0,none,0,0,0,0,0,0,0,0,0,0,0,0,0,0,0,0,0,0,0,0,0			//MER_TENDER#痊愈术#
8228,0,0,10,0,0,0,99,0,0,none,0,0,0,0,0,0,0,0,0,0,0,0,0,0,0,0,0,0,0,0,0			//MER_BENEDICTION#祝福#
8229,0,0,10,0,0,0,99,0,0,none,0,0,0,0,0,0,0,0,0,0,0,0,0,0,0,0,0,0,0,0,0			//MER_RECUPERATE#复原#
8230,0,0,10,0,0,0,99,0,0,none,0,0,0,0,0,0,0,0,0,0,0,0,0,0,0,0,0,0,0,0,0			//MER_MENTALCURE#精神治愈#
8231,0,0,10,0,0,0,99,0,0,none,0,0,0,0,0,0,0,0,0,0,0,0,0,0,0,0,0,0,0,0,0			//MER_COMPRESS#压制#
8232,0,0,4:5:6:7:8:9:10:11:12:13,0,0,0,99,0,0,none,0,0,0,0,0,0,0,0,0,0,0,0,0,0,0,0,0,0,0,0,0	//MER_PROVOKE#挑衅#
8233,0,0,5,0,0,0,99,0,0,none,0,0,0,0,0,0,0,0,0,0,0,0,0,0,0,0,0,0,0,0,0			//MER_AUTOBERSERK#狂暴状态#
8234,0,0,15:17:19:21:23:25:27:29:31:33,0,0,0,99,0,0,none,0,0,0,0,0,0,0,0,0,0,0,0,0,0,0,0,0,0,0,0,0	//MER_DECAGI#缓速术#
8235,0,0,10,100,0,0,99,0,0,none,0,0,0,0,0,0,0,0,0,0,0,0,0,0,0,0,0,0,0,0,0		//MER_SCAPEGOAT#替罪羊#
8236,0,0,20:20:20:20:20:18:16:14:12:10,0,0,0,99,0,0,none,0,0,0,0,0,0,0,0,0,0,0,0,0,0,0,0,0,0,0,0,0	//MER_LEXDIVINA#沉默之术#
8237,0,0,10,0,0,0,99,0,0,none,0,0,0,0,0,0,0,0,0,0,0,0,0,0,0,0,0,0,0,0,0			//MER_ESTIMATION#怪物情报#
8238,0,0,20:20:20:25:25:25:30:30:30:35,0,0,0,99,0,0,none,0,0,0,0,0,0,0,0,0,0,0,0,0,0,0,0,0,0,0,0,0	//MER_KYRIE#虔诚祈祷#
8239,0,0,28:32:36:40:44:48:52:56:60:64,0,0,0,99,0,0,none,0,0,0,0,0,0,0,0,0,0,0,0,0,0,0,0,0,0,0,0,0	//MER_BLESSING#祝福#
8240,15,0,18:21:24:27:30:33:36:39:42:45,0,0,0,99,0,0,none,0,0,0,0,0,0,0,0,0,0,0,0,0,0,0,0,0,0,0,0,0	//MER_INCAGI#敏捷增加#

10010,0,0,1,0,0,0,99,0,0,none,0,0,0,0,0,0,0,0,0,0,0,0,0,0,0,0,0,0,0,0,0		//GD_BATTLEORDER#下达战斗命令#
10011,0,0,1,0,0,0,99,0,0,none,0,0,0,0,0,0,0,0,0,0,0,0,0,0,0,0,0,0,0,0,0		//GD_REGENERATION#复兴公会员体力#
10012,0,0,1,0,0,0,99,0,0,none,0,0,0,0,0,0,0,0,0,0,0,0,0,0,0,0,0,0,0,0,0		//GD_RESTORE#恢复公会员体力#
10013,0,0,1,0,0,0,99,0,0,none,0,0,0,0,0,0,0,0,0,0,0,0,0,0,0,0,0,0,0,0,0		//GD_EMERGENCYCALL#紧急呼叫#
