//Homunculus LvUp experience value table
550
900
1500
2200
3200
3800
4200
4550
5000
5500
6000
6100
6350
6700
7350
5250
8400
8800
9200
9700
10300
11000
12000
13000
14000
15000
16000
17000
18000
19000
20000
21000
22000
23000
24000
25000
26000
27000
28000
29000
30000
31000
32000
33000
34000
35000
36000
37000
38000
39000
40000
42000
44000
46000
47000
50000
52000
54000
57000
60000
63000
66000
69000
72000
75000
79000
83000
87360
91200
104500
121600
133000
147250
154850
161500
171000
178600
185250
190000
218500
247000
332500
380000
456000
522500
570000
646000
712500
855000
970000
1050000
1150000
1250000
1400000
1550000
1700000
1850000
2100000
3800000
4124000
4260000
4462000
4527000
4779000
4921000
4984000
5118000
5353000
5438000
5507000
5610000
5776000
5867000
6000000
6116000
6241000
6373000
6498000
6639000
6720000
6907000
7025000
7105000
7264000
7454000
7611000
7688000
7735000
7940000
8020000
8198000
8318000
8376000
8469000
8528000
8573000
8650000
8701000
8769000
8814000
8820000
8826000
8838000
8887000
8905000
8916000
8922000
8966000
9094000
0    
