//Legend: b: base, gn: growth min, gx: growth max, en: evolution min, ex: evolution max
//Note: Only the growth values are in a 1/10 scale, the other stats are 1/1 (eg: 5 gmAGI means 0.5 agi)
//class,evo_class,name,foodID,hungryDelay,base_size,evo_size,race,element,bASPD,bHP,bSP,bSTR,bAGI,bVIT,bINT,bDEX,bLUK,gnHP,gxHP,gnSP,gxSP,gnSTR,gxSTR,gnAGI,gxAGI,gnVIT,gxVIT,gnINT,gxINT,gnDEX,gxDEX,gnLUK,gxLUK,enHP,exHP,enSP,exSP,enSTR,exSTR,enAGI,exAGI,enVIT,exVIT,enINT,exINT,enDEX,exDEX,enLUK,exLUK,MaxLevel
// 普通生命体
6001,6009,丽芙,537,60000,0,1,7,0,700,150,40,17,20,15,35,24,12,60,100,4,9,5,19,5,19,5,19,4,20,6,20,6,20,1,10,10,20,1,5,1,4,1,5,4,10,1,10,1,3,99
6002,6010,艾咪斯可鲁,912,60000,0,1,2,0,700,320,10,20,17,35,11,24,12,80,130,1,4,8,20,4,20,4,20,1,10,3,19,3,19,10,20,1,10,1,10,1,5,4,10,1,3,1,4,1,5,99
6003,6011,飞里乐,910,60000,0,1,2,0,700,90,25,29,35,9,8,30,9,45,75,3,6,4,20,8,20,1,10,3,19,4,20,3,19,5,15,5,15,4,10,1,10,1,3,1,4,1,5,1,5,99
6004,6012,巴尼米乐斯,911,60000,0,1,0,0,700,80,11,11,11,11,11,11,11,30,150,0,7,1,30,1,30,1,30,1,30,1,30,1,30,1,30,1,30,1,10,1,10,1,10,1,10,1,10,1,10,99
6005,6013,丽芙,537,60000,0,1,7,0,700,150,40,17,20,15,35,24,12,60,100,4,9,5,19,5,19,5,19,4,20,6,20,6,20,1,10,10,20,1,5,1,4,1,5,4,10,1,10,1,3,99
6006,6014,艾咪斯可鲁,912,60000,0,1,2,0,700,320,10,20,17,35,11,24,12,80,130,1,4,8,20,4,20,4,20,1,10,3,19,3,19,10,20,1,10,1,10,1,5,4,10,1,3,1,4,1,5,99
6007,6015,飞里乐,910,60000,0,1,2,0,700,90,25,29,35,9,8,30,9,45,75,3,6,4,20,8,20,1,10,3,19,4,20,3,19,5,15,5,15,4,10,1,10,1,3,1,4,1,5,1,5,99
6008,6016,巴尼米乐斯,911,60000,0,1,0,0,700,80,11,11,11,11,11,11,11,30,150,0,7,1,30,1,30,1,30,1,30,1,30,1,30,1,30,1,30,1,10,1,10,1,10,1,10,1,10,1,10,99
// 变异生命体
6048,6048,Eira,6098,60000,1,1,7,0,700,150,40,17,20,15,35,24,12,40,160,20,42,13,39,28,42,15,25,14,48,16,36,9,18,1000,2000,10,200,1,10,1,10,1,10,1,10,1,10,1,10,150
6049,6049,Bayeri,6112,60000,1,1,2,0,700,320,10,20,17,35,11,24,12,90,360,48,52,18,36,8,36,16,32,22,44,12,24,20,36,1000,2000,10,200,1,10,1,10,1,10,1,10,1,10,1,10,150
6050,6050,Sera,6108,60000,1,1,4,0,700,90,25,29,35,9,8,30,9,60,240,36,64,10,25,16,32,5,25,7,35,28,40,20,40,1000,2000,10,200,1,10,1,10,1,10,1,10,1,10,1,10,150
6051,6051,Dieter,6104,60000,1,1,0,0,700,80,11,11,11,11,11,11,11,240,480,40,120,20,40,13,26,18,36,15,40,16,32,4,16,1000,2000,10,200,1,10,1,10,1,10,1,10,1,10,1,10,150
6052,6052,Eleanor,6115,60000,1,1,2,0,700,320,10,20,17,35,11,24,12,60,300,10,20,20,40,10,50,24,48,5,15,12,36,2,10,1000,2000,10,200,1,10,1,10,1,10,1,10,1,10,1,10,150