//============================================================
// eAthena Chinese Translation Project 汉化组
//============================================================
// 人工生命体技能树 数据 (Renewal)
//
// 最新汉化修正日期: 2010.10.04
//------------------------------------------------------------
// 数据结构:
// <生命体ID>,<技能ID>,<最大等级>{,基本等级需求},<前置技1-ID>,<前置技1-等级>,...,<前置技5-ID>,<前置技5-等级>
//------------------------------------------------------------
// 
//------------------------------------------------------------
//丽芙
6001,8001,5,0,0,0,0,0,0,0,0,0,0 //治愈之手
6001,8002,5,8001,3,0,0,0,0,0,0,0,0 //轻捷移动
6001,8003,5,8001,5,0,0,0,0,0,0,0,0 //脑手术
//艾咪斯可鲁
6002,8005,5,0,0,0,0,0,0,0,0,0,0 //位置互换
6002,8006,5,8005,5,0,0,0,0,0,0,0,0 //防御力
6002,8007,5,8006,3,0,0,0,0,0,0,0,0 //活命之肤
//飞里乐
6003,8009,5,0,0,0,0,0,0,0,0,0,0 //月光
6003,8010,5,8009,3,0,0,0,0,0,0,0,0 //横越速度
6003,8011,5,8010,3,0,0,0,0,0,0,0,0 //紧急回避
//巴尼米乐斯
6004,8013,5,0,0,0,0,0,0,0,0,0,0 //善变
6004,8014,5,8013,3,0,0,0,0,0,0,0,0 //混乱的祈福
6004,8015,5,8013,5,0,0,0,0,0,0,0,0 //变更指示
//丽芙2
6005,8001,5,0,0,0,0,0,0,0,0,0,0 //治愈之手
6005,8002,5,8001,3,0,0,0,0,0,0,0,0 //轻捷移动
6005,8003,5,8001,5,0,0,0,0,0,0,0,0 //脑手术
//艾咪斯可鲁2
6006,8005,5,0,0,0,0,0,0,0,0,0,0 //位置互换
6006,8006,5,8005,5,0,0,0,0,0,0,0,0 //防御力
6006,8007,5,8006,3,0,0,0,0,0,0,0,0 //活命之肤
//飞里乐2
6007,8009,5,0,0,0,0,0,0,0,0,0,0 //月光
6007,8010,5,8009,3,0,0,0,0,0,0,0,0 //横越速度
6007,8011,5,8010,3,0,0,0,0,0,0,0,0 //紧急回避
//巴尼米乐斯2
6008,8013,5,0,0,0,0,0,0,0,0,0,0 //善变
6008,8014,5,8013,3,0,0,0,0,0,0,0,0 //混乱的祈福
6008,8015,5,8013,5,0,0,0,0,0,0,0,0 //变更指示
//丽芙_H
6009,8001,5,0,0,0,0,0,0,0,0,0,0 //治愈之手
6009,8002,5,8001,3,0,0,0,0,0,0,0,0 //轻捷移动
6009,8003,5,8001,5,0,0,0,0,0,0,0,0 //脑手术
6009,8004,3,0,0,0,0,0,0,0,0,0,0 //智力变换
//Amistr_H
6010,8005,5,0,0,0,0,0,0,0,0,0,0 //位置互换
6010,8006,5,8005,5,0,0,0,0,0,0,0,0 //防御力
6010,8007,5,8006,3,0,0,0,0,0,0,0,0 //活命之肤
6010,8008,3,0,0,0,0,0,0,0,0,0,0 //血的贪求
//飞里乐_H
6011,8009,5,0,0,0,0,0,0,0,0,0,0 //月光
6011,8010,5,8009,3,0,0,0,0,0,0,0,0 //横越速度
6011,8011,5,8010,3,0,0,0,0,0,0,0,0 //紧急回避
6011,8012,3,0,0,0,0,0,0,0,0,0,0 //S.B.R.44
//巴尼米乐斯_H
6012,8013,5,0,0,0,0,0,0,0,0,0,0 //善变
6012,8014,5,8013,3,0,0,0,0,0,0,0,0 //混乱的祈福
6012,8015,5,8013,5,0,0,0,0,0,0,0,0 //变更指示
6012,8016,3,0,0,0,0,0,0,0,0,0,0 //生物爆炸
//丽芙2_H
6013,8001,5,0,0,0,0,0,0,0,0,0,0 //治愈之手
6013,8002,5,8001,3,0,0,0,0,0,0,0,0 //轻捷移动
6013,8003,5,8001,5,0,0,0,0,0,0,0,0 //脑手术
6013,8004,3,0,0,0,0,0,0,0,0,0,0 //智力变换
//艾咪斯可鲁_H
6014,8005,5,0,0,0,0,0,0,0,0,0,0 //位置互换
6014,8006,5,8005,5,0,0,0,0,0,0,0,0 //防御力
6014,8007,5,8006,3,0,0,0,0,0,0,0,0 //活命之肤
6014,8008,3,0,0,0,0,0,0,0,0,0,0 //血的贪求
//飞里乐2_H
6015,8009,5,0,0,0,0,0,0,0,0,0,0 //月光
6015,8010,5,8009,3,0,0,0,0,0,0,0,0 //横越速度
6015,8011,5,8010,3,0,0,0,0,0,0,0,0 //紧急回避
6015,8012,3,0,0,0,0,0,0,0,0,0,0 //S.B.R.44
//巴尼米乐斯2_H
6016,8013,5,0,0,0,0,0,0,0,0,0,0 //善变
6016,8014,5,8013,3,0,0,0,0,0,0,0,0 //混乱的祈福
6016,8015,5,8013,5,0,0,0,0,0,0,0,0 //变更指示
6016,8016,3,0,0,0,0,0,0,0,0,0,0 //生物爆炸
//Eira爱拉
6048,8022,5,128,0,0,0,0,0,0,0,0,0,0	//MH_LIGHT_OF_REGENE,重生之光
6048,8023,5,114,0,0,0,0,0,0,0,0,0,0	//MH_OVERED_BOOST,极速爆发
6048,8024,5,106,0,0,0,0,0,0,0,0,0,0	//MH_ERASER_CUTTER,音速切割
6048,8025,5,121,0,0,0,0,0,0,0,0,0,0	//MH_XENO_SLASHER,幻象斩击
6048,8026,5,137,0,0,0,0,0,0,0,0,0,0	//MH_SILENT_BREEZE,静寂微风
//Bayeri巴依尔
6049,8031,5,105,0,0,0,0,0,0,0,0,0,0	//MH_STAHL_HORN,钢之角
6049,8032,5,114,0,0,0,0,0,0,0,0,0,0	//MH_GOLDENE_FERSE,黄金之蹄
6049,8033,5,121,0,0,0,0,0,0,0,0,0,0	//MH_STEINWAND,命运石之杖
6049,8034,5,138,0,0,0,0,0,0,0,0,0,0	//MH_HEILIGE_STANGE,神圣之杖
6049,8035,5,130,0,0,0,0,0,0,0,0,0,0	//MH_ANGRIFFS_MODUS,激怒
//Sera塞拉
6050,8018,5,132,0,0,0,0,0,0,0,0,0,0	//MH_SUMMON_LEGION,军团召唤
6050,8019,5,106,0,0,0,0,0,0,0,0,0,0	//MH_NEEDLE_OF_PARALYZE,麻痹毒针
6050,8020,5,116,0,0,0,0,0,0,0,0,0,0	//MH_POISON_MIST,毒雾
6050,8021,5,123,0,0,0,0,0,0,0,0,0,0	//MH_PAIN_KILLER,镇痛剂
//Dieter戴尔特
6051,8039,5,122,0,0,0,0,0,0,0,0,0,0	//MH_MAGMA_FLOW,熔岩奔流
6051,8040,5,116,0,0,0,0,0,0,0,0,0,0	//MH_GRANITIC_ARMOR,花岗岩装甲
6051,8041,5,109,0,0,0,0,0,0,0,0,0,0	//MH_LAVA_SLIDE,岩浆崩滑
6051,8042,5,131,0,0,0,0,0,0,0,0,0,0	//MH_PYROCLASTIC,熔岩锥
6051,8043,5,102,0,0,0,0,0,0,0,0,0,0	//MH_VOLCANIC_ASH,火山灰
//Elanor艾蕾诺
6052,8027,1,100,0,0,0,0,0,0,0,0,0,0	//MH_STYLE_CHANGE,风格切换
6052,8028,5,100,0,0,0,0,0,0,0,0,0,0	//MH_SONIC_CRAW,疯狂乱抓
6052,8029,5,114,0,0,0,0,0,0,0,0,0,0	//MH_SILVERVEIN_RUSH,战士模式
6052,8030,5,128,0,0,0,0,0,0,0,0,0,0	//MH_MIDNIGHT_FRENZY,午夜乱舞
6052,8036,5,100,0,0,0,0,0,0,0,0,0,0	//MH_TINDER_BREAKER,粉碎关节技
6052,8037,5,112,0,0,0,0,0,0,0,0,0,0	//MH_CBC,无尽碎连击
6052,8038,5,133,0,0,0,0,0,0,0,0,0,0	//MH_EQC,永恒迅连击