// Job-specific Values Database
//
// Structure of Database:
// JobID,Weight,HPFactor,HPMultiplicator,SPFactor,Unarmed,Dagger,1HSword,2HSword,1HSpear,2HSpear,1HAxe,2HAxe,1HMace,2HMace(unused),Rod,Bow,Knuckle,Instrument,Whip,Book,Katar,Revolver,Rifle,Gatling Gun,Shotgun,Grenade Launcher,Fuuma Shuriken,2HStaff,Shield_V
//
// 初学者
0,	20000,0    ,500  ,100  ,440  ,590  ,610  ,2000 ,2000 ,2000 ,540  ,2000 ,540  ,540  ,690  ,2000 ,2000 ,2000 ,2000 ,2000 ,2000 ,2000 ,2000 ,2000 ,2000 ,2000 ,2000 , 690 , 100
// 剑士
1,	28000,70   ,500  ,200  ,440  ,510  ,510  ,580  ,610  ,690  ,590  ,640  ,540  ,540  ,2000 ,2000 ,2000 ,2000 ,2000 ,2000 ,2000 ,2000 ,2000 ,2000 ,2000 ,2000 ,2000 ,2000 ,  50
// 魔法师
2,	22000,30   ,500  ,600  ,540  ,540  ,2000 ,2000 ,2000 ,2000 ,2000 ,2000 ,2000 ,2000 ,590  ,2000 ,2000 ,2000 ,2000 ,2000 ,2000 ,2000 ,2000 ,2000 ,2000 ,2000 ,2000 , 590 , 100
// 弓箭手
3,	26000,50   ,500  ,200  ,440  ,590  ,2000 ,2000 ,2000 ,2000 ,2000 ,2000 ,2000 ,2000 ,2000 ,540  ,2000 ,2000 ,2000 ,2000 ,2000 ,2000 ,2000 ,2000 ,2000 ,2000 ,2000 ,2000 ,  90
// 服事
4,	24000,40   ,500  ,500  ,440  ,2000 ,2000 ,2000 ,2000 ,2000 ,2000 ,2000 ,490  ,490  ,640  ,2000 ,2000 ,2000 ,2000 ,2000 ,2000 ,2000 ,2000 ,2000 ,2000 ,2000 ,2000 , 640 ,  70
// 商人
5,	28000,40   ,500  ,300  ,440  ,560  ,560  ,2000 ,2000 ,2000 ,520  ,590  ,540  ,540  ,2000 ,2000 ,2000 ,2000 ,2000 ,2000 ,2000 ,2000 ,2000 ,2000 ,2000 ,2000 ,2000 ,2000 ,  50
// 盗贼
6,	24000,50   ,500  ,200  ,440  ,520  ,540  ,2000 ,2000 ,2000 ,640  ,2000 ,2000 ,2000 ,2000 ,570  ,2000 ,2000 ,2000 ,2000 ,2000 ,2000 ,2000 ,2000 ,2000 ,2000 ,2000 ,2000 ,  60
// 骑士
7,	28000,150  ,500  ,300  ,440  ,530  ,490  ,560  ,540  ,590  ,590  ,640  ,490  ,490  ,2000 ,2000 ,2000 ,2000 ,2000 ,2000 ,2000 ,2000 ,2000 ,2000 ,2000 ,2000 ,2000 ,2000 ,  50
// 祭司
8,	26000,75   ,500  ,800  ,440  ,2000 ,2000 ,2000 ,2000 ,2000 ,2000 ,2000 ,470  ,470  ,640  ,2000 ,640  ,2000 ,2000 ,480  ,2000 ,2000 ,2000 ,2000 ,2000 ,2000 ,2000 , 640 ,  50
// 巫师
9,	24000,55   ,500  ,900  ,540  ,580  ,2000 ,2000 ,2000 ,2000 ,2000 ,2000 ,2000 ,2000 ,570  ,2000 ,2000 ,2000 ,2000 ,2000 ,2000 ,2000 ,2000 ,2000 ,2000 ,2000 ,2000 , 570 ,  80
// 铁匠
10,	30000,90   ,500  ,400  ,440  ,540  ,540  ,2000 ,2000 ,2000 ,500  ,570  ,520  ,520  ,2000 ,2000 ,2000 ,2000 ,2000 ,2000 ,2000 ,2000 ,2000 ,2000 ,2000 ,2000 ,2000 ,2000 ,  50
// 猎人
11,	27000,85   ,500  ,400  ,440  ,570  ,2000 ,2000 ,2000 ,2000 ,2000 ,2000 ,2000 ,2000 ,2000 ,520  ,2000 ,2000 ,2000 ,2000 ,2000 ,2000 ,2000 ,2000 ,2000 ,2000 ,2000 ,2000 ,  90
// 刺客
12,	24000,110  ,500  ,400  ,440  ,460  ,540  ,2000 ,2000 ,2000 ,550  ,2000 ,2000 ,2000 ,2000 ,2000 ,2000 ,2000 ,2000 ,2000 ,460  ,2000 ,2000 ,2000 ,2000 ,2000 ,2000 ,2000 ,  60
// 骑士 (骑鸟)
13,	28000,150  ,500  ,300  ,440  ,530  ,490  ,560  ,540  ,590  ,590  ,640  ,490  ,490  ,2000 ,2000 ,2000 ,2000 ,2000 ,2000 ,2000 ,2000 ,2000 ,2000 ,2000 ,2000 ,2000 ,2000 ,  50
// 十字军
14,	28000,110  ,700  ,470  ,440  ,520  ,470  ,590  ,570  ,560  ,540  ,590  ,490  ,490  ,2000 ,2000 ,2000 ,2000 ,2000 ,2000 ,2000 ,2000 ,2000 ,2000 ,2000 ,2000 ,2000 ,2000 ,  50
// 武道家
15,	26000,90   ,650  ,470  ,440  ,2000 ,2000 ,2000 ,2000 ,2000 ,2000 ,2000 ,470  ,470  ,640  ,2000 ,440  ,2000 ,2000 ,2000 ,2000 ,2000 ,2000 ,2000 ,2000 ,2000 ,2000 , 640 ,  50
// 贤者
16,	24000,75   ,500  ,700  ,490  ,570  ,2000 ,2000 ,2000 ,2000 ,2000 ,2000 ,2000 ,2000 ,590  ,2000 ,2000 ,2000 ,2000 ,470  ,2000 ,2000 ,2000 ,2000 ,2000 ,2000 ,2000 , 590 , 100
// 流氓
17,	24000,85   ,500  ,500  ,440  ,490  ,540  ,2000 ,2000 ,2000 ,590  ,2000 ,2000 ,2000 ,2000 ,540  ,2000 ,2000 ,2000 ,2000 ,2000 ,2000 ,2000 ,2000 ,2000 ,2000 ,2000 ,2000 ,  50
// 炼金术师
18,	30000,90   ,500  ,400  ,440  ,540  ,490  ,2000 ,2000 ,2000 ,490  ,560  ,490  ,490  ,2000 ,2000 ,2000 ,2000 ,2000 ,2000 ,2000 ,2000 ,2000 ,2000 ,2000 ,2000 ,2000 ,2000 ,  40
// 吟游诗人
19,	27000,75   ,300  ,600  ,440  ,570  ,2000 ,2000 ,2000 ,2000 ,2000 ,2000 ,2000 ,2000 ,2000 ,520  ,2000 ,490  ,2000 ,2000 ,2000 ,2000 ,2000 ,2000 ,2000 ,2000 ,2000 ,2000 ,  70
// 舞娘
20,	27000,75   ,300  ,600  ,440  ,570  ,2000 ,2000 ,2000 ,2000 ,2000 ,2000 ,2000 ,2000 ,2000 ,520  ,2000 ,2000 ,490  ,2000 ,2000 ,2000 ,2000 ,2000 ,2000 ,2000 ,2000 ,2000 ,  70
// 十字军 (骑鸟)
21,	28000,110  ,700  ,470  ,440  ,520  ,470  ,590  ,570  ,560  ,540  ,590  ,490  ,490  ,2000 ,2000 ,2000 ,2000 ,2000 ,2000 ,2000 ,2000 ,2000 ,2000 ,2000 ,2000 ,2000 ,2000 ,  50
// 结婚
22,	20000,0    ,500  ,100  ,2000 ,2000 ,2000 ,2000 ,2000 ,2000 ,2000 ,2000 ,2000 ,2000 ,2000 ,2000 ,2000 ,2000 ,2000 ,2000 ,2000 ,2000 ,2000 ,2000 ,2000 ,2000 ,2000 ,2000 , 100
// 超级初学者
23,	20000,0    ,500  ,100  ,440  ,590  ,610  ,2000 ,2000 ,2000 ,540  ,2000 ,540  ,540  ,690  ,2000 ,2000 ,2000 ,2000 ,2000 ,2000 ,2000 ,2000 ,2000 ,2000 ,2000 ,2000 , 690 , 100
// 枪手
24,	28000,88   ,  0  ,450  ,540  ,2000, 2000, 2000, 2000, 2000, 2000 ,2000 ,2000 ,2000 ,2000 ,2000 ,2000 ,2000 ,2000 ,2000 ,2000 , 490 , 590 , 440 , 940 ,1040 ,2000 ,2000 ,  60
// 忍者
25,	26000,80   ,  0  ,515  ,440  ,470  ,2000 ,2000 ,2000 ,2000 ,2000 ,2000 ,2000 ,2000 ,2000 ,2000 ,2000 ,2000 ,2000 ,2000 ,2000 ,2000 ,2000 ,2000 ,2000 ,2000 , 590 ,2000 ,  60
// 进阶初学者
4001,	20000,0    ,500  ,100  ,440  ,590  ,610  ,2000 ,2000 ,2000 ,540  ,2000 ,540  ,540  ,690  ,2000 ,2000 ,2000 ,2000 ,2000 ,2000 ,2000 ,2000 ,2000 ,2000 ,2000 ,2000 , 690 , 100
// 进阶剑士
4002,	28000,70   ,500  ,200  ,440  ,510  ,510  ,580  ,610  ,690  ,590  ,640  ,540  ,540  ,2000 ,2000 ,2000 ,2000 ,2000 ,2000 ,2000 ,2000 ,2000 ,2000 ,2000 ,2000 ,2000 ,2000 ,  50
// 进阶魔法师
4003,	22000,30   ,500  ,600  ,540  ,540  ,2000 ,2000 ,2000 ,2000 ,2000 ,2000 ,2000 ,2000 ,590  ,2000 ,2000 ,2000 ,2000 ,2000 ,2000 ,2000 ,2000 ,2000 ,2000 ,2000 ,2000 , 590 , 100
// 进阶弓箭手
4004,	26000,50   ,500  ,200  ,440  ,590  ,2000 ,2000 ,2000 ,2000 ,2000 ,2000 ,2000 ,2000 ,2000 ,540  ,2000 ,2000 ,2000 ,2000 ,2000 ,2000 ,2000 ,2000 ,2000 ,2000 ,2000 ,2000 ,  90
// 进阶服事
4005,	24000,40   ,500  ,500  ,440  ,2000 ,2000 ,2000 ,2000 ,2000 ,2000 ,2000 ,490  ,490  ,640  ,2000 ,2000 ,2000 ,2000 ,2000 ,2000 ,2000 ,2000 ,2000 ,2000 ,2000 ,2000 , 640 ,  70
// 进阶商人
4006,	28000,40   ,500  ,300  ,440  ,560  ,560  ,2000 ,2000 ,2000 ,520  ,590  ,540  ,540  ,2000 ,2000 ,2000 ,2000 ,2000 ,2000 ,2000 ,2000 ,2000 ,2000 ,2000 ,2000 ,2000 ,2000 ,  50
// 进阶盗贼
4007,	24000,50   ,500  ,200  ,440  ,520  ,540  ,2000 ,2000 ,2000 ,640  ,2000 ,2000 ,2000 ,2000 ,570  ,2000 ,2000 ,2000 ,2000 ,2000 ,2000 ,2000 ,2000 ,2000 ,2000 ,2000 ,2000 ,  60
// 骑士领主
4008,	28000,150  ,500  ,300  ,440  ,530  ,490  ,560  ,540  ,590  ,590  ,640  ,490  ,490  ,2000 ,2000 ,2000 ,2000 ,2000 ,2000 ,2000 ,2000 ,2000 ,2000 ,2000 ,2000 ,2000 ,2000 ,  50
// 神官
4009,	26000,75   ,500  ,800  ,440  ,2000 ,2000 ,2000 ,2000 ,2000 ,2000 ,2000 ,470  ,470  ,640  ,2000 ,640  ,2000 ,2000 ,480  ,2000 ,2000 ,2000 ,2000 ,2000 ,2000 ,2000 , 640 ,  50
// 超魔导士
4010,	24000,55   ,500  ,900  ,540  ,580  ,2000 ,2000 ,2000 ,2000 ,2000 ,2000 ,2000 ,2000 ,570  ,2000 ,2000 ,2000 ,2000 ,2000 ,2000 ,2000 ,2000 ,2000 ,2000 ,2000 ,2000 , 570 ,  80
// 神工匠
4011,	30000,90   ,500  ,400  ,440  ,540  ,540  ,2000 ,2000 ,2000 ,500  ,570  ,520  ,520  ,2000 ,2000 ,2000 ,2000 ,2000 ,2000 ,2000 ,2000 ,2000 ,2000 ,2000 ,2000 ,2000 ,2000 ,  50
// 神射手
4012,	27000,85   ,500  ,400  ,440  ,570  ,2000 ,2000 ,2000 ,2000 ,2000 ,2000 ,2000 ,2000 ,2000 ,520  ,2000 ,2000 ,2000 ,2000 ,2000 ,2000 ,2000 ,2000 ,2000 ,2000 ,2000 ,2000 ,  90
// 十字刺客
4013,	24000,110  ,500  ,400  ,440  ,460  ,540  ,2000 ,2000 ,2000 ,550  ,2000 ,2000 ,2000 ,2000 ,2000 ,2000 ,2000 ,2000 ,2000 ,460  ,2000 ,2000 ,2000 ,2000 ,2000 ,2000 ,2000 ,  60
// 骑士领主 (骑鸟)
4014,	28000,150  ,500  ,300  ,440  ,530  ,490  ,560  ,540  ,590  ,590  ,640  ,490  ,490  ,2000 ,2000 ,2000 ,2000 ,2000 ,2000 ,2000 ,2000 ,2000 ,2000 ,2000 ,2000 ,2000 ,2000 ,  50
// 圣殿十字军
4015,	28000,110  ,700  ,470  ,440  ,520  ,470  ,590  ,570  ,560  ,540  ,590  ,490  ,490  ,2000 ,2000 ,2000 ,2000 ,2000 ,2000 ,2000 ,2000 ,2000 ,2000 ,2000 ,2000 ,2000 ,2000 ,  50
// 武术宗师
4016,	26000,90   ,650  ,470  ,440  ,2000 ,2000 ,2000 ,2000 ,2000 ,2000 ,2000 ,470  ,470  ,640  ,2000 ,440  ,2000 ,2000 ,2000 ,2000 ,2000 ,2000 ,2000 ,2000 ,2000 ,2000 , 640 ,  50
// 智者
4017,	24000,75   ,500  ,700  ,490  ,570  ,2000 ,2000 ,2000 ,2000 ,2000 ,2000 ,2000 ,2000 ,590  ,2000 ,2000 ,2000 ,2000 ,470  ,2000 ,2000 ,2000 ,2000 ,2000 ,2000 ,2000 , 590 , 100
// 神行太保
4018,	24000,85   ,500  ,500  ,440  ,490  ,540  ,2000 ,2000 ,2000 ,590  ,2000 ,2000 ,2000 ,2000 ,540  ,2000 ,2000 ,2000 ,2000 ,2000 ,2000 ,2000 ,2000 ,2000 ,2000 ,2000 ,2000 ,  50
// 创造者
4019,	30000,90   ,500  ,400  ,440  ,540  ,490  ,2000 ,2000 ,2000 ,490  ,560  ,490  ,490  ,2000 ,2000 ,2000 ,2000 ,2000 ,2000 ,2000 ,2000 ,2000 ,2000 ,2000 ,2000 ,2000 ,2000 ,  40
// 搞笑艺人
4020,	27000,75   ,300  ,600  ,440  ,570  ,2000 ,2000 ,2000 ,2000 ,2000 ,2000 ,2000 ,2000 ,2000 ,520  ,2000 ,490  ,2000 ,2000 ,2000 ,2000 ,2000 ,2000 ,2000 ,2000 ,2000 ,2000 ,  70
// 冷艳舞姬
4021,	27000,75   ,300  ,600  ,440  ,570  ,2000 ,2000 ,2000 ,2000 ,2000 ,2000 ,2000 ,2000 ,2000 ,520  ,2000 ,2000 ,490  ,2000 ,2000 ,2000 ,2000 ,2000 ,2000 ,2000 ,2000 ,2000 ,  70
// 圣殿十字军 (骑鸟)
4022,	28000,110  ,700  ,470  ,440  ,520  ,470  ,590  ,570  ,560  ,540  ,590  ,490  ,490  ,2000 ,2000 ,2000 ,2000 ,2000 ,2000 ,2000 ,2000 ,2000 ,2000 ,2000 ,2000 ,2000 ,2000 ,  50
// 养子初学者
4023,	20000,0    ,500  ,100  ,440  ,590  ,610  ,2000 ,2000 ,2000 ,540  ,2000 ,540  ,540  ,690  ,2000 ,2000 ,2000 ,2000 ,2000 ,2000 ,2000 ,2000 ,2000 ,2000 ,2000 ,2000 , 690 , 100
// 养子剑士
4024,	28000,70   ,500  ,200  ,440  ,510  ,510  ,580  ,610  ,690  ,590  ,640  ,540  ,540  ,2000 ,2000 ,2000 ,2000 ,2000 ,2000 ,2000 ,2000 ,2000 ,2000 ,2000 ,2000 ,2000 ,2000 ,  50
// 养子魔法师
4025,	22000,30   ,500  ,600  ,540  ,540  ,2000 ,2000 ,2000 ,2000 ,2000 ,2000 ,2000 ,2000 ,590  ,2000 ,2000 ,2000 ,2000 ,2000 ,2000 ,2000 ,2000 ,2000 ,2000 ,2000 ,2000 , 590 , 100
// 养子弓箭手
4026,,	26000,50   ,500  ,200  ,440  ,590  ,2000 ,2000 ,2000 ,2000 ,2000 ,2000 ,2000 ,2000 ,2000 ,540  ,2000 ,2000 ,2000 ,2000 ,2000 ,2000 ,2000 ,2000 ,2000 ,2000 ,2000 ,2000 ,  90
// 养子服事
4027,	24000,40   ,500  ,500  ,440  ,2000 ,2000 ,2000 ,2000 ,2000 ,2000 ,2000 ,490  ,490  ,640  ,2000 ,2000 ,2000 ,2000 ,2000 ,2000 ,2000 ,2000 ,2000 ,2000 ,2000 ,2000 , 640 ,  70
// 养子商人
4028,	28000,40   ,500  ,300  ,440  ,560  ,560  ,2000 ,2000 ,2000 ,520  ,590  ,540  ,540  ,2000 ,2000 ,2000 ,2000 ,2000 ,2000 ,2000 ,2000 ,2000 ,2000 ,2000 ,2000 ,2000 ,2000 ,  50
// 养子盗贼
4029,	24000,50   ,500  ,200  ,440  ,520  ,540  ,2000 ,2000 ,2000 ,640  ,2000 ,2000 ,2000 ,2000 ,570  ,2000 ,2000 ,2000 ,2000 ,2000 ,2000 ,2000 ,2000 ,2000 ,2000 ,2000 ,2000 ,  60
// 养子骑士
4030,	28000,150  ,500  ,300  ,440  ,530  ,490  ,560  ,540  ,590  ,590  ,640  ,490  ,490  ,2000 ,2000 ,2000 ,2000 ,2000 ,2000 ,2000 ,2000 ,2000 ,2000 ,2000 ,2000 ,2000 ,2000 ,  50
// 养子祭司
4031,	26000,75   ,500  ,800  ,440  ,2000 ,2000 ,2000 ,2000 ,2000 ,2000 ,2000 ,470  ,470  ,640  ,2000 ,640  ,2000 ,2000 ,480  ,2000 ,2000 ,2000 ,2000 ,2000 ,2000 ,2000 , 640 ,  50
// 养子巫师
4032,	24000,55   ,500  ,900  ,540  ,580  ,2000 ,2000 ,2000 ,2000 ,2000 ,2000 ,2000 ,2000 ,570  ,2000 ,2000 ,2000 ,2000 ,2000 ,2000 ,2000 ,2000 ,2000 ,2000 ,2000 ,2000 , 570 ,  80
// 养子铁匠
4033,	30000,90   ,500  ,400  ,440  ,540  ,540  ,2000 ,2000 ,2000 ,500  ,570  ,520  ,520  ,2000 ,2000 ,2000 ,2000 ,2000 ,2000 ,2000 ,2000 ,2000 ,2000 ,2000 ,2000 ,2000 ,2000 ,  50
// 养子猎人
4034,	27000,85   ,500  ,400  ,440  ,570  ,2000 ,2000 ,2000 ,2000 ,2000 ,2000 ,2000 ,2000 ,2000 ,520  ,2000 ,2000 ,2000 ,2000 ,2000 ,2000 ,2000 ,2000 ,2000 ,2000 ,2000 ,2000 ,  90
// 养子刺客
4035,	24000,110  ,500  ,400  ,440  ,460  ,540  ,2000 ,2000 ,2000 ,550  ,2000 ,2000 ,2000 ,2000 ,2000 ,2000 ,2000 ,2000 ,2000 ,460  ,2000 ,2000 ,2000 ,2000 ,2000 ,2000 ,2000 ,  60
// 养子骑士 (骑鸟)
4036,	28000,150  ,500  ,300  ,400  ,500  ,500  ,550  ,600  ,600  ,700  ,700  ,650  ,700  ,2000 ,2000 ,2000 ,2000 ,2000 ,2000 ,2000 ,2000 ,2000 ,2000 ,2000 ,2000 ,2000 ,2000 , 100
// 养子十字军
4037,	28000,110  ,700  ,470  ,440  ,520  ,470  ,590  ,570  ,560  ,540  ,590  ,490  ,490  ,2000 ,2000 ,2000 ,2000 ,2000 ,2000 ,2000 ,2000 ,2000 ,2000 ,2000 ,2000 ,2000 ,2000 ,  50
// 养子武道家
4038,	26000,90   ,650  ,470  ,440  ,2000 ,2000 ,2000 ,2000 ,2000 ,2000 ,2000 ,470  ,470  ,640  ,2000 ,440  ,2000 ,2000 ,2000 ,2000 ,2000 ,2000 ,2000 ,2000 ,2000 ,2000 , 640 ,  50
// 养子贤者
4039,	24000,75   ,500  ,700  ,490  ,570  ,2000 ,2000 ,2000 ,2000 ,2000 ,2000 ,2000 ,2000 ,590  ,2000 ,2000 ,2000 ,2000 ,470  ,2000 ,2000 ,2000 ,2000 ,2000 ,2000 ,2000 , 590 , 100
// 养子流氓
4040,	24000,85   ,500  ,500  ,440  ,490  ,540  ,2000 ,2000 ,2000 ,590  ,2000 ,2000 ,2000 ,2000 ,540  ,2000 ,2000 ,2000 ,2000 ,2000 ,2000 ,2000 ,2000 ,2000 ,2000 ,2000 ,2000 ,  50
// 养子炼金术师
4041,	30000,90   ,500  ,400  ,440  ,540  ,490  ,2000 ,2000 ,2000 ,490  ,560  ,490  ,490  ,2000 ,2000 ,2000 ,2000 ,2000 ,2000 ,2000 ,2000 ,2000 ,2000 ,2000 ,2000 ,2000 ,2000 ,  40
// 养子吟游诗人
4042,	27000,75   ,300  ,600  ,440  ,570  ,2000 ,2000 ,2000 ,2000 ,2000 ,2000 ,2000 ,2000 ,2000 ,520  ,2000 ,490  ,2000 ,2000 ,2000 ,2000 ,2000 ,2000 ,2000 ,2000 ,2000 ,2000 ,  70
// 养子舞娘
4043,	27000,75   ,300  ,600  ,440  ,570  ,2000 ,2000 ,2000 ,2000 ,2000 ,2000 ,2000 ,2000 ,2000 ,520  ,2000 ,2000 ,490  ,2000 ,2000 ,2000 ,2000 ,2000 ,2000 ,2000 ,2000 ,2000 ,  70
// 养子十字军 (骑鸟)
4044,	28000,110  ,700  ,470  ,440  ,520  ,470  ,590  ,570  ,560  ,540  ,590  ,490  ,490  ,2000 ,2000 ,2000 ,2000 ,2000 ,2000 ,2000 ,2000 ,2000 ,2000 ,2000 ,2000 ,2000 ,2000 ,  50
// 养子超级初学者
4045,	20000,0    ,500  ,100  ,440  ,590  ,610  ,2000 ,2000 ,2000 ,540  ,2000 ,540  ,540  ,690  ,2000 ,2000 ,2000 ,2000 ,2000 ,2000 ,2000 ,2000 ,2000 ,2000 ,2000 ,2000 , 690 , 100
// 跆拳少年/少女
4046, 28000,70   ,500  ,200  ,440  ,2000 ,2000 ,2000 ,2000 ,2000 ,2000 ,2000 ,2000 ,2000 ,2000 ,2000 ,2000 ,2000 ,2000 ,2000 ,2000 ,2000 ,2000 ,2000 ,2000 ,2000 ,2000 ,2000 ,  60
// 拳圣
4047, 28000,90   ,650  ,470  ,440  ,2000 ,2000 ,2000 ,2000 ,2000 ,2000 ,2000 ,2000 ,2000 ,2000 ,2000 ,2000 ,2000 ,2000 ,540  ,2000 ,2000 ,2000 ,2000 ,2000 ,2000 ,2000 ,2000 ,  60
// 拳圣 (灵魂状态)
4048, 28000,90   ,650  ,470  ,440  ,2000 ,2000 ,2000 ,2000 ,2000 ,2000 ,2000 ,2000 ,2000 ,2000 ,2000 ,2000 ,2000 ,2000 ,540  ,2000 ,2000 ,2000 ,2000 ,2000 ,2000 ,2000 ,2000 ,  60
// 悟灵士
4049, 24000,75   ,500  ,900  ,540  ,540  ,2000 ,2000 ,2000 ,2000 ,2000 ,2000 ,2000 ,2000 ,570  ,2000 ,2000 ,2000 ,2000 ,2000 ,2000 ,2000 ,2000 ,2000 ,2000 ,2000 ,2000 , 570  ,  80
// Rune Knight
4054,	29000,150  ,500  ,300  ,440  ,540  ,560  ,590  ,520  ,560  ,620  ,640  ,490  ,490  ,2000 ,2000 ,2000 ,2000 ,2000 ,2000 ,2000 ,2000 ,2000 ,2000 ,2000 ,2000 ,2000 ,2000 , 50
// Warlock
4055,	25000,55   ,500  ,900  ,490  ,560  ,2000 ,2000 ,2000 ,2000 ,2000 ,2000 ,2000 ,2000 ,540  ,2000 ,2000 ,2000 ,2000 ,2000 ,2000 ,2000 ,2000 ,2000 ,2000 ,2000 ,2000 , 640 , 50
// Ranger
4056,	28000,85   ,500  ,400  ,440  ,540  ,2000 ,2000 ,2000 ,2000 ,2000 ,2000 ,2000 ,2000 ,2000 ,530  ,2000 ,2000 ,2000 ,2000 ,2000 ,2000 ,2000 ,2000 ,2000 ,2000 ,2000 ,2000 , 80
// Arch Bishop
4057,	27000,75   ,500  ,800  ,490  ,2000 ,2000 ,2000 ,2000 ,2000 ,2000 ,2000 ,490  ,490  ,640  ,2000 ,540  ,2000 ,2000 ,480  ,2000 ,2000 ,2000 ,2000 ,2000 ,2000 ,2000 , 590 , 50
// Mechanic
4058,	31000,90   ,500  ,400  ,440  ,640  ,690  ,2000 ,2000 ,2000 ,490  ,520  ,520  ,520  ,2000 ,2000 ,2000 ,2000 ,2000 ,2000 ,2000 ,2000 ,2000 ,2000 ,2000 ,2000 ,2000 ,2000 , 60
// Guillotine Cross
4059,	25000,110  ,500  ,400  ,440  ,460  ,690  ,2000 ,2000 ,2000 ,840  ,2000 ,2000 ,2000 ,2000 ,2000 ,2000 ,2000 ,2000 ,2000 ,460  ,2000 ,2000 ,2000 ,2000 ,2000 ,2000 ,2000 , 90
// Rune Knight T
4060,	29000,150  ,500  ,300  ,440  ,540  ,560  ,590  ,520  ,560  ,620  ,640  ,490  ,490  ,2000 ,2000 ,2000 ,2000 ,2000 ,2000 ,2000 ,2000 ,2000 ,2000 ,2000 ,2000 ,2000 ,2000 , 50
// Warlock T
4061,	25000,55   ,500  ,900  ,490  ,560  ,2000 ,2000 ,2000 ,2000 ,2000 ,2000 ,2000 ,2000 ,540  ,2000 ,2000 ,2000 ,2000 ,2000 ,2000 ,2000 ,2000 ,2000 ,2000 ,2000 ,2000 , 640 , 50
// Ranger T
4062,	28000,85   ,500  ,400  ,440  ,540  ,2000 ,2000 ,2000 ,2000 ,2000 ,2000 ,2000 ,2000 ,2000 ,530  ,2000 ,2000 ,2000 ,2000 ,2000 ,2000 ,2000 ,2000 ,2000 ,2000 ,2000 ,2000 , 80
// Arch Bishop T
4063,	27000,75   ,500  ,800  ,490  ,2000 ,2000 ,2000 ,2000 ,2000 ,2000 ,2000 ,490  ,490  ,640  ,2000 ,540  ,2000 ,2000 ,480  ,2000 ,2000 ,2000 ,2000 ,2000 ,2000 ,2000 , 590 , 50
// Mechanic T
4064,	31000,90   ,500  ,400  ,440  ,640  ,690  ,2000 ,2000 ,2000 ,490  ,520  ,520  ,520  ,2000 ,2000 ,2000 ,2000 ,2000 ,2000 ,2000 ,2000 ,2000 ,2000 ,2000 ,2000 ,2000 ,2000 , 60
// Guillotine Cross T
4065,	25000,110  ,500  ,400  ,440  ,460  ,690  ,2000 ,2000 ,2000 ,840  ,2000 ,2000 ,2000 ,2000 ,2000 ,2000 ,2000 ,2000 ,2000 ,460  ,2000 ,2000 ,2000 ,2000 ,2000 ,2000 ,2000 , 90
// Royal Guard
4066,	29000,110  ,700  ,470  ,440  ,510  ,490  ,530  ,540  ,540  ,520  ,560  ,480  ,480  ,2000 ,2000 ,2000 ,2000 ,2000 ,2000 ,2000 ,2000 ,2000 ,2000 ,2000 ,2000 ,2000 ,2000 , 50
// Sorcerer
4067,	25000,75   ,500  ,700  ,440  ,540  ,2000 ,2000 ,2000 ,2000 ,2000 ,2000 ,2000 ,2000 ,490  ,2000 ,2000 ,2000 ,2000 ,490  ,2000 ,2000 ,2000 ,2000 ,2000 ,2000 ,2000 , 490 , 50
// Minstrel
4068,	28000,75   ,300  ,600  ,440  ,560  ,2000 ,2000 ,2000 ,2000 ,2000 ,2000 ,2000 ,2000 ,2000 ,540  ,2000 ,490  ,2000 ,2000 ,2000 ,2000 ,2000 ,2000 ,2000 ,2000 ,2000 ,2000 , 70
// Wanderer
4069,	28000,75   ,300  ,600  ,440  ,560  ,2000 ,2000 ,2000 ,2000 ,2000 ,2000 ,2000 ,2000 ,2000 ,540  ,2000 ,2000 ,490  ,2000 ,2000 ,2000 ,2000 ,2000 ,2000 ,2000 ,2000 ,2000 , 70
// Sura
4070,	27000,90   ,650  ,470  ,420  ,2000 ,2000 ,2000 ,2000 ,2000 ,2000 ,2000 ,470  ,470  ,520  ,2000 ,430  ,2000 ,2000 ,2000 ,2000 ,2000 ,2000 ,2000 ,2000 ,2000 ,2000 , 540 , 50
// Generic
4071,	31000,90   ,500  ,400  ,440  ,540  ,480  ,2000 ,2000 ,2000 ,550  ,550  ,490  ,490  ,2000 ,2000 ,2000 ,2000 ,2000 ,2000 ,2000 ,2000 ,2000 ,2000 ,2000 ,2000 ,2000 ,2000 , 40
// Dark Chaser
4072,	25000,85   ,500  ,500  ,440  ,470  ,510  ,2000 ,2000 ,2000 ,590  ,2000 ,2000 ,2000 ,2000 ,540  ,2000 ,2000 ,2000 ,2000 ,2000 ,2000 ,2000 ,2000 ,2000 ,2000 ,2000 ,2000 , 50
// Royal Guard T
4073,	29000,110  ,700  ,470  ,440  ,510  ,490  ,530  ,540  ,540  ,520  ,560  ,480  ,480  ,2000 ,2000 ,2000 ,2000 ,2000 ,2000 ,2000 ,2000 ,2000 ,2000 ,2000 ,2000 ,2000 ,2000 , 50
// Sorcerer T
4074,	25000,75   ,500  ,700  ,440  ,540  ,2000 ,2000 ,2000 ,2000 ,2000 ,2000 ,2000 ,2000 ,490  ,2000 ,2000 ,2000 ,2000 ,490  ,2000 ,2000 ,2000 ,2000 ,2000 ,2000 ,2000 , 490 , 50
// Minstrel T
4075,	28000,75   ,300  ,600  ,440  ,560  ,2000 ,2000 ,2000 ,2000 ,2000 ,2000 ,2000 ,2000 ,2000 ,540  ,2000 ,490  ,2000 ,2000 ,2000 ,2000 ,2000 ,2000 ,2000 ,2000 ,2000 ,2000 , 70
// Wanderer T
4076,	28000,75   ,300  ,600  ,440  ,560  ,2000 ,2000 ,2000 ,2000 ,2000 ,2000 ,2000 ,2000 ,2000 ,540  ,2000 ,2000 ,490  ,2000 ,2000 ,2000 ,2000 ,2000 ,2000 ,2000 ,2000 ,2000 , 70
// Sura T
4077,	27000,90   ,650  ,470  ,420  ,2000 ,2000 ,2000 ,2000 ,2000 ,2000 ,2000 ,470  ,470  ,520  ,2000 ,430  ,2000 ,2000 ,2000 ,2000 ,2000 ,2000 ,2000 ,2000 ,2000 ,2000 , 540 , 50
// Generic T
4078,	31000,90   ,500  ,400  ,440  ,540  ,480  ,2000 ,2000 ,2000 ,550  ,550  ,490  ,490  ,2000 ,2000 ,2000 ,2000 ,2000 ,2000 ,2000 ,2000 ,2000 ,2000 ,2000 ,2000 ,2000 ,2000 , 40
// Dark Chaser T
4079,	25000,85   ,500  ,500  ,440  ,470  ,510  ,2000 ,2000 ,2000 ,590  ,2000 ,2000 ,2000 ,2000 ,540  ,2000 ,2000 ,2000 ,2000 ,2000 ,2000 ,2000 ,2000 ,2000 ,2000 ,2000 ,2000 , 50
// Rune Knight (Dragon)
4080,	29000,150  ,500  ,300  ,440  ,540  ,560  ,590  ,520  ,560  ,620  ,640  ,490  ,490  ,2000 ,2000 ,2000 ,2000 ,2000 ,2000 ,2000 ,2000 ,2000 ,2000 ,2000 ,2000 ,2000 ,2000 , 50
// Rune Knight T (Dragon)
4081,	29000,150  ,500  ,300  ,440  ,540  ,560  ,590  ,520  ,560  ,620  ,640  ,490  ,490  ,2000 ,2000 ,2000 ,2000 ,2000 ,2000 ,2000 ,2000 ,2000 ,2000 ,2000 ,2000 ,2000 ,2000 , 50
// Royal Guard (Peko)
4082,	29000,110  ,700  ,470  ,440  ,510  ,490  ,530  ,540  ,540  ,520  ,560  ,480  ,480  ,2000 ,2000 ,2000 ,2000 ,2000 ,2000 ,2000 ,2000 ,2000 ,2000 ,2000 ,2000 ,2000 ,2000 , 50
// Royal Guard T (Peko)
4083,	29000,110  ,700  ,470  ,440  ,510  ,490  ,530  ,540  ,540  ,520  ,560  ,480  ,480  ,2000 ,2000 ,2000 ,2000 ,2000 ,2000 ,2000 ,2000 ,2000 ,2000 ,2000 ,2000 ,2000 ,2000 , 50
// Ranger (Warg)
4084,	28000,85   ,500  ,400  ,440  ,540  ,2000 ,2000 ,2000 ,2000 ,2000 ,2000 ,2000 ,2000 ,2000 ,530  ,2000 ,2000 ,2000 ,2000 ,2000 ,2000 ,2000 ,2000 ,2000 ,2000 ,2000 ,2000 , 80
// Ranger T (Warg)
4085,	28000,85   ,500  ,400  ,440  ,540  ,2000 ,2000 ,2000 ,2000 ,2000 ,2000 ,2000 ,2000 ,2000 ,530  ,2000 ,2000 ,2000 ,2000 ,2000 ,2000 ,2000 ,2000 ,2000 ,2000 ,2000 ,2000 , 80
