//============================================================
// eAthena Chinese Translation Project 汉化组
//============================================================
// 任务日志 数据
//
// 最新汉化修正日期: 2013.06.28
//------------------------------------------------------------
// 数据结构:
// <任务ID>,<时限>,<魔物1>,<数量1>,...,<魔物3>,<数量3>,<"任务名称">
//------------------------------------------------------------
// 特注:
// 	16000起将不再被汉化,除非这些iRO自己YY出来的被实装到kRo.
//------------------------------------------------------------
1000,0,0,0,0,0,0,0,"转生"
1001,0,0,0,0,0,0,0,"服事转职"
1002,0,0,0,0,0,0,0,"服事转职"
1003,0,0,0,0,0,0,0,"服事转职"
1004,0,0,0,0,0,0,0,"弓箭手转职"
1005,0,0,0,0,0,0,0,"魔法师转职"
1006,0,0,0,0,0,0,0,"魔法师转职"
1007,0,0,0,0,0,0,0,"魔法师转职"
1008,0,0,0,0,0,0,0,"魔法师转职"
1009,0,0,0,0,0,0,0,"商人转职"
1010,0,0,0,0,0,0,0,"商人转职"
1011,0,0,0,0,0,0,0,"商人转职"
1012,0,0,0,0,0,0,0,"商人转职"
1013,0,0,0,0,0,0,0,"盗贼转职"
1014,0,0,0,0,0,0,0,"剑士转职"
1015,0,0,0,0,0,0,0,"Your first quest"
1016,0,0,0,0,0,0,0,"Gaining base levels"
//
1100,0,1178,20,0,0,0,0,"特训，在斯芬克斯迷宫独自进行游戏！"
1101,0,1164,20,0,0,0,0,"特训，在斯芬克斯迷宫独自进行游戏！"
1102,0,1194,40,0,0,0,0,"特训，在时间塔独自进行游戏！"
1103,0,1213,30,0,0,0,0,"特训，在时间塔独自进行游戏！"
1104,0,1519,20,0,0,0,0,"特训，在龙之城独自进行游戏！"
1105,0,1513,50,0,0,0,0,"特训，在龙之城独自进行游戏！"
1106,0,1375,20,0,0,0,0,"特训，在天津城迷宫独自进行游戏！"
1107,0,1403,40,0,0,0,0,"特训，在天津城迷宫独自进行游戏！"
1108,0,1631,20,0,0,0,0,"特训，在龙之城独自进行游戏！"
1109,0,0,0,0,0,0,0,"洛佩和优莉蒂-雾林迷宫中的生存者"
1110,0,0,0,0,0,0,0,"洛佩和优莉蒂-所有人都是被害者"
1111,0,0,0,0,0,0,0,"洛佩和优莉蒂-前往雾林迷宫"
1112,0,0,0,0,0,0,0,"洛佩和优莉蒂-到处都是迷宫"
1113,0,0,0,0,0,0,0,"洛佩和优莉蒂-破碎的约定"
1114,0,0,0,0,0,0,0,"洛佩和优莉蒂-牺牲的代价"
1115,0,0,0,0,0,0,0,"洛佩和优莉蒂-深渊之歌"
1116,0,0,0,0,0,0,0,"洛佩和优莉蒂-亡者之歌"
1117,0,0,0,0,0,0,0,"洛佩和优莉蒂-永远的约定，结婚戒指!"
1118,0,0,0,0,0,0,0,"村落骑士团-线索是什么?"
1119,86400,0,0,0,0,0,0,"村落骑士团-首领的吩咐"
1120,0,0,0,0,0,0,0,"一个遥远的地方，克舒的故乡!"
1121,0,0,0,0,0,0,0,"一个遥远的地方，克舒的故乡!"
1122,0,0,0,0,0,0,0,"一个遥远的地方，克舒的故乡!"
1123,0,0,0,0,0,0,0,"一个遥远的地方，克舒的故乡!"
1124,0,0,0,0,0,0,0,"一个遥远的地方，克舒的故乡!"
1125,0,0,0,0,0,0,0,"一个遥远的地方，克舒的故乡!"
1126,0,0,0,0,0,0,0,"一个遥远的地方，克舒的故乡!"
1127,0,0,0,0,0,0,0,"一个遥远的地方，克舒的故乡!"
1128,0,0,0,0,0,0,0,"一个遥远的地方，克舒的故乡!"
1129,0,0,0,0,0,0,0,"一个遥远的地方，克舒的故乡!"
1130,0,0,0,0,0,0,0,"一个遥远的地方，克舒的故乡!"
1131,0,0,0,0,0,0,0,"一个遥远的地方，克舒的故乡!"
1132,0,0,0,0,0,0,0,"一个遥远的地方，克舒的故乡!"
1133,0,0,0,0,0,0,0,"一个遥远的地方，克舒的故乡!"
1134,0,0,0,0,0,0,0,"一个遥远的地方，克舒的故乡!"
1135,0,0,0,0,0,0,0,"一个遥远的地方，克舒的故乡!"
1136,0,0,0,0,0,0,0,"一个遥远的地方，克舒的故乡!"
1137,0,0,0,0,0,0,0,"一个遥远的地方，克舒的故乡!"
1138,0,0,0,0,0,0,0,"一个遥远的地方，克舒的故乡!"
1139,0,0,0,0,0,0,0,"一个遥远的地方，克舒的故乡!"
1140,86400,0,0,0,0,0,0,"一个遥远的地方，克舒的故乡!"
//
1145,0,0,0,0,0,0,0,"帮助陷入危机的黑帮猫!"
1146,0,0,0,0,0,0,0,"帮助陷入危机的黑帮猫!"
1147,0,0,0,0,0,0,0,"帮助陷入危机的黑帮猫!"
1148,0,0,0,0,0,0,0,"帮助陷入危机的黑帮猫!"
1149,0,0,0,0,0,0,0,"帮助陷入危机的黑帮猫!"
1150,0,0,0,0,0,0,0,"帮助陷入危机的黑帮猫!"
1151,0,0,0,0,0,0,0,"帮助陷入危机的黑帮猫!"
1152,86400,0,0,0,0,0,0,"帮助陷入危机的黑帮猫!"
1153,0,0,0,0,0,0,0,"帮助陷入危机的黑帮猫!"
1154,0,2197,20,0,0,0,0,"帮助陷入危机的黑帮猫!"
1155,0,0,0,0,0,0,0,"帮助陷入危机的黑帮猫!"
//
1229,0,0,0,0,0,0,0,"剑士课程"
1230,0,0,0,0,0,0,0,"剑士课程"
//1231,0,0,0,0,0,0,0,"剑士课程"
//1232,0,0,0,0,0,0,0,"剑士课程"
1233,0,0,0,0,0,0,0,"剑士训练"
1234,0,0,0,0,0,0,0,"剑士训练"
1235,0,0,0,0,0,0,0,"剑士训练"
1236,0,0,0,0,0,0,0,"剑士训练"
1237,0,0,0,0,0,0,0,"商店服务"
1238,0,0,0,0,0,0,0,"商店服务"
1239,0,0,0,0,0,0,0,"商店服务"
1240,0,0,0,0,0,0,0,"商店服务"
//
2000,0,0,0,0,0,0,0,"铁匠转职"
2001,0,0,0,0,0,0,0,"铁匠转职"
2002,0,0,0,0,0,0,0,"铁匠转职"
2003,0,0,0,0,0,0,0,"铁匠转职"
2004,0,0,0,0,0,0,0,"铁匠转职"
2005,0,0,0,0,0,0,0,"铁匠转职"
2006,0,0,0,0,0,0,0,"铁匠转职"
2007,0,0,0,0,0,0,0,"铁匠转职"
2008,0,0,0,0,0,0,0,"铁匠转职"
2009,0,0,0,0,0,0,0,"铁匠转职"
2010,0,0,0,0,0,0,0,"铁匠转职"
2011,0,0,0,0,0,0,0,"铁匠转职"
2012,0,0,0,0,0,0,0,"铁匠转职"
2013,0,0,0,0,0,0,0,"铁匠转职"
2014,0,0,0,0,0,0,0,"铁匠转职"
2015,0,0,0,0,0,0,0,"铁匠转职"
2016,0,0,0,0,0,0,0,"铁匠转职"
2017,0,0,0,0,0,0,0,"流氓转职"
2018,0,0,0,0,0,0,0,"流氓转职"
2019,0,0,0,0,0,0,0,"流氓转职"
2020,0,0,0,0,0,0,0,"流氓转职"
2021,0,0,0,0,0,0,0,"流氓转职"
2022,0,0,0,0,0,0,0,"流氓转职"
2023,0,0,0,0,0,0,0,"流氓转职"
2024,0,0,0,0,0,0,0,"流氓转职"
2025,0,0,0,0,0,0,0,"流氓转职"
2026,0,0,0,0,0,0,0,"流氓转职"
2027,0,0,0,0,0,0,0,"流氓转职"
2028,0,0,0,0,0,0,0,"炼金术师转职"
2029,0,0,0,0,0,0,0,"炼金术师转职"
2030,0,0,0,0,0,0,0,"炼金术师转职"
2031,0,0,0,0,0,0,0,"炼金术师转职"
2032,0,0,0,0,0,0,0,"炼金术师转职"
2033,0,0,0,0,0,0,0,"炼金术师转职"
2034,0,0,0,0,0,0,0,"炼金术师转职"
2035,0,0,0,0,0,0,0,"炼金术师转职"
2036,0,0,0,0,0,0,0,"炼金术师转职"
2037,0,0,0,0,0,0,0,"炼金术师转职"
2038,0,0,0,0,0,0,0,"炼金术师转职"
2039,0,0,0,0,0,0,0,"炼金术师转职"
2040,0,0,0,0,0,0,0,"炼金术师转职"
2041,0,0,0,0,0,0,0,"贤者转职"
2042,0,0,0,0,0,0,0,"贤者转职"
2043,0,0,0,0,0,0,0,"贤者转职"
2044,0,0,0,0,0,0,0,"贤者转职"
2045,0,0,0,0,0,0,0,"贤者转职"
2046,0,0,0,0,0,0,0,"贤者转职"
2047,0,0,0,0,0,0,0,"贤者转职"
2048,0,0,0,0,0,0,0,"贤者转职"
2049,0,0,0,0,0,0,0,"贤者转职"
2050,0,0,0,0,0,0,0,"贤者转职"
2051,0,0,0,0,0,0,0,"贤者转职"
2052,0,0,0,0,0,0,0,"贤者转职"
2053,0,0,0,0,0,0,0,"贤者转职"
2054,0,0,0,0,0,0,0,"贤者转职"
2055,0,0,0,0,0,0,0,"贤者转职"
2056,0,0,0,0,0,0,0,"贤者转职"
2057,0,0,0,0,0,0,0,"贤者转职"
2058,0,0,0,0,0,0,0,"贤者转职"
2059,0,0,0,0,0,0,0,"贤者转职"
2060,0,0,0,0,0,0,0,"贤者转职"
2061,0,0,0,0,0,0,0,"贤者转职"
2062,0,0,0,0,0,0,0,"贤者转职"
2063,0,0,0,0,0,0,0,"命运的乌鸦"
2064,0,0,0,0,0,0,0,"命运的乌鸦"
2065,0,0,0,0,0,0,0,"命运的乌鸦"
2066,0,0,0,0,0,0,0,"命运的乌鸦"
2067,0,0,0,0,0,0,0,"命运的乌鸦"
2068,0,0,0,0,0,0,0,"命运的乌鸦"
2069,300,0,0,0,0,0,0,"玛洛雷斯提艾拉峡谷战斗"
2070,300,0,0,0,0,0,0,"玛洛雷斯普拉比乌斯战斗"
2071,0,0,0,0,0,0,0,"诅咒的遗物"
2072,0,0,0,0,0,0,0,"诅咒的遗物"
2073,0,0,0,0,0,0,0,"诅咒的遗物"
2074,0,0,0,0,0,0,0,"诅咒的遗物"
2075,0,0,0,0,0,0,0,"诅咒的遗物"
2076,0,0,0,0,0,0,0,"诅咒的遗物"
2077,0,0,0,0,0,0,0,"诅咒的遗物"
2078,0,0,0,0,0,0,0,"诅咒的遗物"
2079,0,0,0,0,0,0,0,"扭曲的过去"
2080,0,0,0,0,0,0,0,"扭曲的过去"
2081,0,0,0,0,0,0,0,"扭曲的过去"
2082,0,0,0,0,0,0,0,"扭曲的过去"
2083,0,0,0,0,0,0,0,"扭曲的过去"
2084,0,0,0,0,0,0,0,"扭曲的过去"
2085,0,0,0,0,0,0,0,"扭曲的过去"
2086,0,0,0,0,0,0,0,"企业任务"
2087,0,0,0,0,0,0,0,"企业任务"
2088,0,0,0,0,0,0,0,"企业任务"
2089,0,0,0,0,0,0,0,"企业任务"
2090,0,0,0,0,0,0,0,"企业任务"
2091,0,0,0,0,0,0,0,"企业任务"
2092,0,0,0,0,0,0,0,"企业任务"
2093,0,0,0,0,0,0,0,"企业任务"
2094,0,0,0,0,0,0,0,"企业任务"
2095,0,0,0,0,0,0,0,"企业任务"
//
2109,0,0,0,0,0,0,0,"冰封洞穴的魔法师"
2110,0,0,0,0,0,0,0,"冰封洞穴的魔法师"
2111,0,0,0,0,0,0,0,"冰封洞穴的魔法师"
2112,0,0,0,0,0,0,0,"冰封洞穴的魔法师"
2113,0,0,0,0,0,0,0,"冰封洞穴的魔法师"
2114,0,0,0,0,0,0,0,"托尔火山的基地"
2115,0,0,0,0,0,0,0,"托尔火山的基地"
2116,0,0,0,0,0,0,0,"托尔火山的基地"
2117,0,0,0,0,0,0,0,"托尔火山的基地"
2118,0,0,0,0,0,0,0,"托尔火山的基地"
2119,0,0,0,0,0,0,0,"托尔火山的基地"
2120,0,0,0,0,0,0,0,"托尔火山的基地"
2121,0,0,0,0,0,0,0,"托尔火山的基地"
2122,0,0,0,0,0,0,0,"托尔火山的基地"
2123,0,0,0,0,0,0,0,"托尔火山的基地"
2124,0,0,0,0,0,0,0,"托尔火山的基地"
2125,0,0,0,0,0,0,0,"托尔火山的基地"
2126,0,0,0,0,0,0,0,"托尔火山的基地"
2127,0,0,0,0,0,0,0,"托尔火山的基地"
2128,0,0,0,0,0,0,0,"托尔火山的基地"
2129,0,0,0,0,0,0,0,"为了阿鲁纳佩尔茨"
2130,0,0,0,0,0,0,0,"为了阿鲁纳佩尔茨"
2131,0,0,0,0,0,0,0,"为了阿鲁纳佩尔茨"
2132,0,0,0,0,0,0,0,"为了阿鲁纳佩尔茨"
2133,0,0,0,0,0,0,0,"为了阿鲁纳佩尔茨"
2134,0,0,0,0,0,0,0,"为了阿鲁纳佩尔茨"
2135,0,0,0,0,0,0,0,"为了阿鲁纳佩尔茨"
2136,0,0,0,0,0,0,0,"为了阿鲁纳佩尔茨"
2137,0,0,0,0,0,0,0,"为了阿鲁纳佩尔茨"
2138,0,0,0,0,0,0,0,"为了阿鲁纳佩尔茨"
2139,0,0,0,0,0,0,0,"为了阿鲁纳佩尔茨"
2140,0,0,0,0,0,0,0,"为了阿鲁纳佩尔茨"
2141,0,0,0,0,0,0,0,"为了阿鲁纳佩尔茨"
2142,0,0,0,0,0,0,0,"为了阿鲁纳佩尔茨"
2143,50,0,0,0,0,0,0,"公会地牢活动"
2144,0,0,0,0,0,0,0,"公会地牢活动"
//
2147,0,0,0,0,0,0,0,"对待新事物的姿态"
2148,0,0,0,0,0,0,0,"对待新事物的姿态"
2149,0,0,0,0,0,0,0,"对待新事物的姿态"
2150,0,1995,30,0,0,0,0,"对待新事物的姿态"
2151,0,1992,10,0,0,0,0,"对待新事物的姿态"
2152,0,0,0,0,0,0,0,"对待新事物的姿态"
2153,0,0,0,0,0,0,0,"对待新事物的姿态"
2154,0,0,0,0,0,0,0,"对待新事物的姿态"
2155,0,0,0,0,0,0,0,"对待新事物的姿态"
2156,0,0,0,0,0,0,0,"对待新事物的姿态"
2157,0,1986,10,0,0,0,0,"对待新事物的姿态"
2158,0,0,0,0,0,0,0,"发现妖精"
2159,0,0,0,0,0,0,0,"发现巨人"
2179,0,0,0,0,0,0,0,"继续的研究"
2180,0,0,0,0,0,0,0,"继续的研究"
2181,0,0,0,0,0,0,0,"继续的研究"
2182,64800,0,0,0,0,0,0,"继续的研究"
2183,0,0,0,0,0,0,0,"香水"
2184,0,0,0,0,0,0,0,"香水"
2185,0,0,0,0,0,0,0,"香水"
2186,64800,0,0,0,0,0,0,"香水"
2187,0,0,0,0,0,0,0,"大主教转职任务"
2188,0,0,0,0,0,0,0,"大主教转职任务"
2189,0,0,0,0,0,0,0,"大主教转职任务"
2190,0,0,0,0,0,0,0,"大主教转职任务"
2191,0,0,0,0,0,0,0,"大主教转职任务"
2192,0,0,0,0,0,0,0,"瓜拿那任务"
2193,0,0,0,0,0,0,0,"瓜拿那任务"
2194,0,0,0,0,0,0,0,"瓜拿那任务"
2195,0,0,0,0,0,0,0,"瓜拿那任务"
2196,0,0,0,0,0,0,0,"瓜拿那任务"
2197,0,0,0,0,0,0,0,"瓜拿那任务"
2198,0,0,0,0,0,0,0,"瓜拿那任务"
2199,0,0,0,0,0,0,0,"瓜拿那任务"
2200,0,0,0,0,0,0,0,"瓜拿那任务"
2201,0,0,0,0,0,0,0,"幸运的睡莲"
2202,0,0,0,0,0,0,0,"幸运的睡莲"
2203,0,0,0,0,0,0,0,"幸运的睡莲"
2204,0,0,0,0,0,0,0,"幸运的睡莲"
2205,0,0,0,0,0,0,0,"幸运的睡莲"
2206,0,0,0,0,0,0,0,"幸运的睡莲"
2207,0,0,0,0,0,0,0,"幸运的睡莲"
2208,0,0,0,0,0,0,0,"厕所里的鬼魂"
2209,0,0,0,0,0,0,0,"基因学者转职任务"
2210,0,0,0,0,0,0,0,"基因学者转职任务"
2211,0,0,0,0,0,0,0,"基因学者转职任务"
2212,0,0,0,0,0,0,0,"基因学者转职任务"
2213,0,0,0,0,0,0,0,"基因学者转职任务"
2214,0,0,0,0,0,0,0,"基因学者转职任务"
2215,0,0,0,0,0,0,0,"基因学者转职任务"
2216,0,0,0,0,0,0,0,"基因学者转职任务"
2217,0,0,0,0,0,0,0,"基因学者转职任务"
2218,0,0,0,0,0,0,0,"漫游舞者转职任务"
2219,0,0,0,0,0,0,0,"漫游舞者转职任务"
2220,0,0,0,0,0,0,0,"漫游舞者转职任务"
2221,600,1718,50,0,0,0,0,"漫游舞者转职任务"
2222,0,0,0,0,0,0,0,"漫游舞者转职任务"
2223,0,1428,100,0,0,0,0,"基因学者转职任务"
//
2293,0,0,0,0,0,0,0,"冒险的同伴"
2294,0,0,0,0,0,0,0,"冒险的同伴"
2295,0,0,0,0,0,0,0,"冒险的同伴"
2296,0,0,0,0,0,0,0,"冒险的同伴"
2297,0,0,0,0,0,0,0,"冒险的同伴"
2298,0,0,0,0,0,0,0,"冒险的同伴"
2299,0,0,0,0,0,0,0,"属性体验"
//
3000,0,0,0,0,0,0,0,"吟游诗人转职 - 美丽的音乐声"
3001,0,0,0,0,0,0,0,"吟游诗人转职 - 学费竟是花?"
3002,0,0,0,0,0,0,0,"吟游诗人转职 - 成为吟游诗人的第一步"
3003,0,0,0,0,0,0,0,"吟游诗人转职 - 跟唱"
3004,0,0,0,0,0,0,0,"吟游诗人转职 - 最后关卡"
//
3006,0,0,0,0,0,0,0,"十字军转职 - 资格"
3007,0,0,0,0,0,0,0,"十字军转职 - 资格"
3008,0,0,0,0,0,0,0,"十字军转职 - 资格"
3009,0,0,0,0,0,0,0,"十字军转职 - 牧勒拿喀 咪月"
3010,0,0,0,0,0,0,0,"十字军转职 - 耐心考验"
3011,0,0,0,0,0,0,0,"十字军转职 - 持续不断的考验"
3012,0,0,0,0,0,0,0,"十字军转职 - 知识考验"
3013,0,0,0,0,0,0,0,"十字军转职 - 持续不断的考验2"
3014,0,0,0,0,0,0,0,"十字军转职 - 最后考验"
3015,0,0,0,0,0,0,0,"十字军转职 - 考验结束"
3016,0,0,0,0,0,0,0,"武道家转职 - 武道家之路"
3017,0,0,0,0,0,0,0,"武道家转职 - 资格与准备"
3018,0,0,0,0,0,0,0,"武道家转职 - 资格与准备"
3019,0,0,0,0,0,0,0,"武道家转职 - 资格与准备"
3020,0,0,0,0,0,0,0,"武道家转职 - 资格与准备"
3021,0,0,0,0,0,0,0,"武道家转职 - 资格与准备"
3022,0,0,0,0,0,0,0,"武道家转职 - 资格与准备"
3023,0,0,0,0,0,0,0,"武道家转职 - 资格与准备"
3024,0,0,0,0,0,0,0,"武道家转职 - 多哈的召唤"
3025,0,0,0,0,0,0,0,"武道家转职 - 教理问答考试"
3026,0,0,0,0,0,0,0,"武道家转职 - 布海的召唤"
3027,0,0,0,0,0,0,0,"武道家转职 - 采集蘑菇"
3028,0,0,0,0,0,0,0,"武道家转职 - 马拉松"
3029,0,0,0,0,0,0,0,"武道家转职 - 最后的考试"
//3030,0,0,0,0,0,0,0,"武道家转职"
3031,0,0,0,0,0,0,0,"武道家转职 - 驱魔修行"
3032,0,0,0,0,0,0,0,"武道家转职 - 转职成武僧"
//
3040,43200,0,0,0,0,0,0,"巴风特的诅咒 - 来自坟墓之鲜血"
3041,180,0,0,0,0,0,0,"巴风特的诅咒 - 魔力的枯竭"
3042,0,0,0,0,0,0,0,"附有魔力的巴风特娃娃之真相"
3043,0,0,0,0,0,0,0,"真实的山羊头盔"
3044,0,0,0,0,0,0,0,"The Gigantic Magestic Goat"
3045,7200,0,0,0,0,0,0,"Sealed Shrine"
3046,86400,0,0,0,0,0,0,"Sealed Shrine After-effect"
//
3050,0,0,0,0,0,0,0,"魔王的复活 - 梦罗克的消息"
3051,0,0,0,0,0,0,0,"魔王的复活 - 资格考试"
3052,0,0,0,0,0,0,0,"魔王的复活 - 资格考试2"
3053,0,0,0,0,0,0,0,"魔王的复活 - 讨伐队成员"
3054,0,0,0,0,0,0,0,"魔王的复活 - 击退魔王！"
3055,0,0,0,0,0,0,0,"魔王的复活 - 时空的裂缝"
3056,0,0,0,0,0,0,0,"魔王的复活 - 奖励时间"
//
3060,0,0,0,0,0,0,0,"菲音斯的兄妹 - 妹妹在哪里呢?"
3061,0,0,0,0,0,0,0,"菲音斯的兄妹 - 打开脚镣的方法是?"
3062,0,0,0,0,0,0,0,"菲音斯的兄妹 - 去找锁匠"
3063,0,0,0,0,0,0,0,"菲音斯的兄妹 - 锁匠鲁鞍乐?"
3064,0,0,0,0,0,0,0,"菲音斯的兄妹 - 变形香皂"
3065,0,0,0,0,0,0,0,"菲音斯的兄妹 - 变形香皂的材料"
3066,0,0,0,0,0,0,0,"菲音斯的兄妹 - 想要制作变形香皂的话..."
3067,0,0,0,0,0,0,0,"菲音斯的兄妹 - 促进骆驼食欲的菜单"
3068,0,0,0,0,0,0,0,"菲音斯的兄妹 - 收集骆驼的便便"
3069,0,0,0,0,0,0,0,"菲音斯的兄妹 - 绸缎沙漠骆驼在哪里?"
3070,0,0,0,0,0,0,0,"菲音斯的兄妹 - 消失的绸缎沙漠骆驼"
3071,0,0,0,0,0,0,0,"菲音斯的兄妹 - 发现了绸缎沙漠骆驼!"
3072,0,0,0,0,0,0,0,"菲音斯的兄妹 - 便便 1个收集完成"
3073,0,0,0,0,0,0,0,"菲音斯的兄妹 - 便便 2个收集完成"
3074,0,0,0,0,0,0,0,"菲音斯的兄妹 - 便便 3个收集完成"
3075,0,0,0,0,0,0,0,"菲音斯的兄妹 - 便便 4个收集完成"
3076,0,0,0,0,0,0,0,"菲音斯的兄妹 - 便便收集完成"
3077,0,0,0,0,0,0,0,"菲音斯的兄妹 - 去找艾依伯莉"
3078,0,0,0,0,0,0,0,"菲音斯的兄妹 - 骆驼香皂的完成"
3079,0,0,0,0,0,0,0,"菲音斯的兄妹 - 仿造锁"
3080,0,0,0,0,0,0,0,"菲音斯的兄妹 - 仿造锁"
3081,0,0,0,0,0,0,0,"菲音斯的兄妹 - 钥匙的材料是钢铁"
3082,0,0,0,0,0,0,0,"菲音斯的兄妹 - 钥匙完成"
3083,0,0,0,0,0,0,0,"菲音斯的兄妹 - 带去仿造锁"
//
3085,0,0,0,0,0,0,0,"大陆的报告书-司令官的召唤"
3086,0,0,0,0,0,0,0,"大陆的报告书-司令官的任务"
3087,0,0,0,0,0,0,0,"大陆的报告书-司令官的任务"
3088,0,0,0,0,0,0,0,"大陆的报告书-发生状况!"
3089,0,0,0,0,0,0,0,"大陆的报告书-复原方法"
3090,0,0,0,0,0,0,0,"大陆的报告书-报告书的行踪"
3091,0,0,0,0,0,0,0,"大陆的报告书-报告书的行踪"
3092,0,0,0,0,0,0,0,"大陆的报告书-复原成功!"
3093,0,0,0,0,0,0,0,"大陆的报告书-送往大陆的报告"
3094,0,0,0,0,0,0,0,"大陆的报告书-回归远征队"
//
3100,0,0,0,0,0,0,0,"偿还巨额债务 - 莫夫丢失的钱包"
3101,0,0,0,0,0,0,0,"偿还巨额债务 - 奇怪的泥块"
3102,0,0,0,0,0,0,0,"偿还巨额债务 - 找回的借据。但...."
3103,0,0,0,0,0,0,0,"偿还巨额债务 - 发明家多利安"
3104,0,0,0,0,0,0,0,"偿还巨额债务 - 魔法干燥机的修理材料"
3105,0,0,0,0,0,0,0,"偿还巨额债务 - 魔法干燥机的修理"
3106,0,0,0,0,0,0,0,"偿还巨额债务 - 魔法干燥机的修理失败"
3107,0,0,0,0,0,0,0,"偿还巨额债务 - 魔法干燥机的修理成功"
3108,0,0,0,0,0,0,0,"偿还巨额债务 - 试用魔法干燥机"
3109,0,0,0,0,0,0,0,"偿还巨额债务 - 借据修复成功"
3110,0,0,0,0,0,0,0,"丢失的宝石 - 寻找宝石的行踪"
3111,0,0,0,0,0,0,0,"丢失的宝石 - 雷布罗的提议"
3112,0,0,0,0,0,0,0,"丢失的宝石 - 佩伊庸恩的议员香雅"
3113,0,0,0,0,0,0,0,"丢失的宝石 - 佩伊庸恩的议员香雅"
3114,0,0,0,0,0,0,0,"丢失的宝石 - 佩伊庸恩的议员香雅"
3115,0,0,0,0,0,0,0,"丢失的宝石 - 雷布罗的情报"
3116,0,0,0,0,0,0,0,"丢失的宝石 - 流氓公会成员的情报"
3117,0,0,0,0,0,0,0,"丢失的宝石 - 奇怪的机械装置"
3118,0,0,0,0,0,0,0,"丢失的宝石 - 找回的钻石"
3119,0,0,0,0,0,0,0,"悬赏通缉Z团 - 悬赏通缉公告"
3120,0,0,0,0,0,0,0,"悬赏通缉Z团 - Z团的外表"
3121,0,0,0,0,0,0,0,"悬赏通缉Z团 - 巴尔德斯的要求"
3122,0,0,0,0,0,0,0,"悬赏通缉Z团 - 巴尔德斯的情报"
3123,0,0,0,0,0,0,0,"悬赏通缉Z团 - 梅里贝尔的考试"
3124,0,0,0,0,0,0,0,"悬赏通缉Z团 - 安文浩的对决"
3125,0,0,0,0,0,0,0,"悬赏通缉Z团 - 安文浩的对决"
3126,0,0,0,0,0,0,0,"悬赏通缉Z团 - 梅里贝尔的情报"
3127,0,0,0,0,0,0,0,"悬赏通缉Z团 - Z团的袭击"
3128,0,0,0,0,0,0,0,"悬赏通缉Z团 - Z团的袭击"
3129,0,0,0,0,0,0,0,"悬赏通缉Z团 - 奇怪的书信"
3130,0,0,0,0,0,0,0,"悬赏通缉Z团 - 去了解读密码...."
3131,0,0,0,0,0,0,0,"悬赏通缉Z团 - 密码解读结束"
3132,0,0,0,0,0,0,0,"悬赏通缉Z团 - 寻找Z团的据点"
3133,0,0,0,0,0,0,0,"悬赏通缉Z团 - 发现据点！"
3134,0,0,0,0,0,0,0,"悬赏通缉Z团 - Z团扫荡结束"
3135,259200,0,0,0,0,0,0,"世界树的损伤 - 巢穴安定化"
3136,14400,0,0,0,0,0,0,"Nidhoggur's Nest Time Limit"
//
3200,0,0,0,0,0,0,0,"符文骑士转职 - 符文骑士的推荐"
3201,0,0,0,0,0,0,0,"符文骑士转职 - 符文骑士的秘密集结地"
3202,0,0,0,0,0,0,0,"符文骑士转职 - 第一项考试"
3203,0,0,0,0,0,0,0,"符文骑士转职 - 第一项考试"
3204,0,0,0,0,0,0,0,"符文骑士转职 - 第一项考试通过"
3205,0,0,0,0,0,0,0,"符文骑士转职 - 第二项考试"
3206,0,0,0,0,0,0,0,"符文骑士转职 - 第二项考试"
3207,0,0,0,0,0,0,0,"符文骑士转职 - 第二项考试"
3208,0,0,0,0,0,0,0,"符文骑士转职 - 第二项考试"
3209,0,1504,10,0,0,0,0,"符文骑士转职 - 积累魔法能量1"
3210,0,1506,10,0,0,0,0,"符文骑士转职 - 积累魔法能量2"
3211,0,1508,10,0,0,0,0,"符文骑士转职 - 积累魔法能量3"
3212,0,1510,10,0,0,0,0,"符文骑士转职 - 积累魔法能量4"
3213,0,0,0,0,0,0,0,"符文骑士转职 - 第二项考试"
3214,0,0,0,0,0,0,0,"符文骑士转职 - 第二项考试"
3215,0,0,0,0,0,0,0,"符文骑士转职 - 第二项考试通过"
3216,0,0,0,0,0,0,0,"符文骑士转职 - 最后一项考试"
3217,0,0,0,0,0,0,0,"符文骑士转职 - 最后一项考试"
3218,0,0,0,0,0,0,0,"符文骑士转职 - 最后一项考试通过"
3219,0,0,0,0,0,0,0,"符文骑士转职 - 所有考试结束"
3220,600,0,0,0,0,0,0,"符文骑士转职 - 考试待机时间"
//
3250,0,1041,30,0,0,0,0,"委托 - 用来干什么的绷带?"
3251,0,1271,30,0,0,0,0,"委托 - 反击的鳄鱼"
3252,0,1264,30,0,0,0,0,"委托 - 我的美人鱼不是这样子的!"
3253,0,0,0,0,0,0,0,"委托 - 失踪的秘学大师"
3254,0,0,0,0,0,0,0,"委托 - 国家在召唤你"
3255,0,1166,30,0,0,0,0,"委托 - 讨伐野猪作战"
3256,0,0,0,0,0,0,0,"委托 - 等待夏天的准备"
3257,0,1170,30,0,0,0,0,"委托 - 女人的怨恨"
3258,0,0,0,0,0,0,0,"委托 - 美味的材料"
3259,0,1143,30,0,0,0,0,"委托 - 人偶术士的苦恼"
3260,0,1035,30,0,0,0,0,"委托 - 烦人的苍蝇"
3261,0,1026,30,0,0,0,0,"委托 - 散发阴气的少女"
3262,0,0,0,0,0,0,0,"委托 - 奇怪的兴趣"
3263,0,0,0,0,0,0,0,"委托 - 土人棍子"
//
3265,0,0,0,0,0,0,0,"委托 - 失踪的秘学大师"
//
4000,0,0,0,0,0,0,0,"雪霖的面试"
4001,0,0,0,0,0,0,0,"猎人转职考试 - 物品收集"
4002,0,0,0,0,0,0,0,"猎人转职考试 - 物品收集"
4003,0,0,0,0,0,0,0,"猎人转职考试 - 物品收集"
4004,0,0,0,0,0,0,0,"猎人转职考试 - 物品收集"
4005,0,0,0,0,0,0,0,"猎人转职考试 - 物品收集"
4006,0,0,0,0,0,0,0,"猎人转职考试 - 物品收集"
4007,0,0,0,0,0,0,0,"猎人转职考试 - 物品收集"
4008,0,0,0,0,0,0,0,"猎人转职考试 - 物品收集"
4009,0,0,0,0,0,0,0,"猎人转职考试"
4010,0,0,0,0,0,0,0,"猎人转职考试"
4011,0,0,0,0,0,0,0,"猎人转职考试 - 测验"
4012,0,0,0,0,0,0,0,"猎人转职考试"
4013,0,0,0,0,0,0,0,"猎人转职考试"
//
//4015,0,0,0,0,0,0,0,"成为冒险家的裁判"
//4016,0,0,0,0,0,0,0,"取得裁判资格"
//4017,0,0,0,0,0,0,0,"取得裁判资格"
//4018,0,0,0,0,0,0,0,"准备见王子"
//4020,0,0,0,0,0,0,0,"与王子的晤谈"
//4021,0,0,0,0,0,0,0,"与王子的晤谈"
//4022,0,0,0,0,0,0,0,"与王子的晤谈"
//4023,0,0,0,0,0,0,0,"与王子的晤谈"
//4024,0,0,0,0,0,0,0,"与王子的晤谈"
//4025,0,0,0,0,0,0,0,"与王子的晤谈"
//4026,0,0,0,0,0,0,0,"与王子的晤谈"
//4027,0,0,0,0,0,0,0,"与王子的晤谈"
//4028,0,0,0,0,0,0,0,"派特王子的请托"
//4029,0,0,0,0,0,0,0,"少女的请托"
//4030,0,0,0,0,0,0,0,"阿伦、艾伦王子的故事"
//4031,0,0,0,0,0,0,0,"阿伦、艾伦王子的故事"
//4032,0,0,0,0,0,0,0,"两家族的阴谋"
//4033,0,0,0,0,0,0,0,"阿伦王子的死亡"
//
4133,0,0,0,0,0,0,0,"伊亚拉"
4134,0,0,0,0,0,0,0,"伊亚拉"
4135,86400,0,0,0,0,0,0,"伊亚拉"
4136,0,0,0,0,0,0,0,"Army Supplies"
4137,0,0,0,0,0,0,0,"Army Supplies"
4138,0,0,0,0,0,0,0,"Army Supplies"
4139,0,0,0,0,0,0,0,"Army Supplies"
4140,0,0,0,0,0,0,0,"Army Supplies"
4141,0,0,0,0,0,0,0,"Army Supplies"
4142,0,0,0,0,0,0,0,"Army Supplies"
4143,86400,0,0,0,0,0,0,"Army Supplies"
//
4150,0,0,0,0,0,0,0,"当成乐园团员"
4151,0,0,0,0,0,0,0,"害虫消灭剂宅配!"
4152,0,0,0,0,0,0,0,"蜂蜜宅配!"
4153,0,0,0,0,0,0,0,"毛布宅配!"
4154,0,0,0,0,0,0,0,"生命体研究终结者"
4155,0,0,0,0,0,0,0,"生命体研究终结者 - 进行中"
4156,0,0,0,0,0,0,0,"生命体研究终结者 - 进行中"
4157,0,0,0,0,0,0,0,"生命体研究终结者 - 进行中"
4158,0,0,0,0,0,0,0,"生命体研究终结者 - 进行中"
4159,0,0,0,0,0,0,0,"生命体研究终结者 - 进行中"
4160,0,0,0,0,0,0,0,"生命体研究终结者 - 进行中"
4161,0,0,0,0,0,0,0,"新手教学<寻找达人1>"
4162,0,0,0,0,0,0,0,"新手教学<寻找达人2>"
4163,0,0,0,0,0,0,0,"新手教学<寻找达人3>"
4164,0,0,0,0,0,0,0,"新手教学<寻找达人4>"
4165,0,0,0,0,0,0,0,"新手教学<寻找达人5>"
4166,0,0,0,0,0,0,0,"新手教学<从新手教学女专家获取奖励>"
4167,0,1321,30,0,0,0,0,"狩猎刺尾蜻蜓"
4168,0,1322,30,0,0,0,0,"狩猎弹簧兔"
4169,0,1256,30,0,0,0,0,"狩猎单眼虫"
4170,0,1102,30,0,0,0,0,"狩猎巫婆"
4171,0,1193,30,0,0,0,0,"狩猎钟怪"
4172,0,1882,30,0,0,0,0,"狩猎芭芭亚卡"
4173,0,1512,30,0,0,0,0,"狩猎妖君"
4174,0,1403,30,0,0,0,0,"狩猎武士火枪兵"
4175,0,1417,30,0,0,0,0,"狩猎拉链熊"
4176,0,1155,30,0,0,0,0,"狩猎毕帝特地龙"
4177,0,1162,30,0,0,0,0,"狩猎草精"
4178,0,1621,30,0,0,0,0,"狩猎毒液魔"
4179,0,1616,30,0,0,0,0,"狩猎矿工魔"
4180,0,1718,30,0,0,0,0,"狩猎黄诺博斯"
4181,0,1316,30,0,0,0,0,"狩猎岩石龟"
4182,0,1319,30,0,0,0,0,"狩猎水灵龟"
4183,0,1318,30,0,0,0,0,"狩猎火焰龟"
4184,0,1257,30,0,0,0,0,"狩猎邪恶使者"
4185,0,1201,30,0,0,0,0,"狩猎瑞比欧"
4186,0,1198,30,0,0,0,0,"狩猎暗黑祭司"
4187,0,1784,30,0,0,0,0,"狩猎石头波利"
4188,0,1782,30,0,0,0,0,"狩猎土狼"
4189,0,1776,30,0,0,0,0,"狩猎小雪兽"
4190,0,1401,30,0,0,0,0,"狩猎火忍西怒毕"
4191,0,1416,30,0,0,0,0,"狩猎妖仙女"
4192,0,1109,30,0,0,0,0,"狩猎小恶魔"
4193,0,1614,30,0,0,0,0,"狩猎矿石魔"
4194,0,1072,30,0,0,0,0,"狩猎卡浩"
4195,0,1255,30,0,0,0,0,"狩猎奈利虫"
4196,0,1506,30,0,0,0,0,"狩猎假面鬼"
4197,10800,0,0,0,0,0,0,"变种章鱼"
4198,10800,0,0,0,0,0,0,"狩猎刺尾蜻蜓-等待中"
4199,10800,0,0,0,0,0,0,"狩猎弹簧兔-等待中"
4200,10800,0,0,0,0,0,0,"狩猎单眼虫-等待中"
4201,10800,0,0,0,0,0,0,"狩猎巫婆-等待中"
4202,10800,0,0,0,0,0,0,"狩猎钟怪-等待中"
4203,10800,0,0,0,0,0,0,"狩猎芭芭亚卡-等待中"
4204,10800,0,0,0,0,0,0,"狩猎妖君-等待中"
4205,10800,0,0,0,0,0,0,"狩猎武士火枪兵-等待中"
4206,10800,0,0,0,0,0,0,"狩猎拉链熊-等待中"
4207,10800,0,0,0,0,0,0,"狩猎毕帝特地龙-等待中"
4208,10800,0,0,0,0,0,0,"狩猎草精-等待中"
4209,10800,0,0,0,0,0,0,"狩猎毒液魔-等待中"
4210,10800,0,0,0,0,0,0,"狩猎矿工魔-等待中"
4211,10800,0,0,0,0,0,0,"狩猎黄诺博斯-等待中"
4212,10800,0,0,0,0,0,0,"狩猎岩石龟-等待中"
4213,10800,0,0,0,0,0,0,"狩猎水灵龟-等待中"
4214,10800,0,0,0,0,0,0,"狩猎火焰龟-等待中"
4215,10800,0,0,0,0,0,0,"狩猎邪恶使者-等待中"
4216,10800,0,0,0,0,0,0,"狩猎瑞比欧-等待中"
4217,10800,0,0,0,0,0,0,"狩猎暗黑祭司-等待中"
4218,10800,0,0,0,0,0,0,"狩猎石头波利-等待中"
4219,10800,0,0,0,0,0,0,"狩猎土狼-等待中"
4220,10800,0,0,0,0,0,0,"狩猎小雪兽-等待中"
4221,10800,0,0,0,0,0,0,"狩猎火忍西怒毕-等待中"
4222,10800,0,0,0,0,0,0,"狩猎妖仙女-等待中"
4223,10800,0,0,0,0,0,0,"狩猎小恶魔-等待中"
4224,10800,0,0,0,0,0,0,"狩猎矿石魔-等待中"
4225,10800,0,0,0,0,0,0,"狩猎卡浩-等待中"
4226,10800,0,0,0,0,0,0,"狩猎奈利虫-等待中"
4227,10800,0,0,0,0,0,0,"狩猎假面鬼-等待中"
//
4229,0,0,0,0,0,0,0,"Devil in the Cave"
//
4268,0,0,0,0,0,0,0,"忍者老师"
4269,0,0,0,0,0,0,0,"学院注册"
4270,0,0,0,0,0,0,0,"忍者训练-素质说明"
4271,0,0,0,0,0,0,0,"忍者训练-技能说明"
4272,0,0,0,0,0,0,0,"忍者训练-技能问答"
4273,0,0,0,0,0,0,0,"忍者训练-武器说明"
4274,0,0,0,0,0,0,0,"忍者训练-转职说明"
4275,0,1113,10,0,0,0,0,"忍者训练-练习1"
4276,0,1002,10,0,0,0,0,"忍者训练-练习2"
4277,0,1052,10,0,0,0,0,"忍者训练-实战2"
4278,0,1024,10,0,0,0,0,"忍者训练-实战1"
4279,0,1031,1,0,0,0,0,"忍者训练-考试"
4280,0,1031,1,0,0,0,0,"忍者训练-考试"
4281,0,1063,3,0,0,0,0,"新手训练-忍者"
4282,0,1113,10,0,0,0,0,"忍者训练-练习1"
4283,0,1002,10,0,0,0,0,"忍者训练-练习2"
4284,0,1052,10,0,0,0,0,"忍者训练-实战2"
4285,0,1024,10,0,0,0,0,"忍者训练-实战1"
4286,0,1031,1,0,0,0,0,"忍者训练-考试"
4287,0,1031,1,0,0,0,0,"忍者训练-考试"
//
5000,0,0,0,0,0,0,0,"灭族危机"
5001,0,1037,50,0,0,0,0,"同族的复仇"
5002,0,0,0,0,0,0,0,"青蛙的英雄"
5003,0,0,0,0,0,0,0,"青蛙隐身术"
5004,0,1099,50,0,0,0,0,"食物危机"
//
5016,0,0,0,0,0,0,0,"给我研究工具!"
5017,0,0,0,0,0,0,0,"研究员的复仇"
5018,0,0,0,0,0,0,0,"研究员的复仇"
5019,0,0,0,0,0,0,0,"采集三温暖样本水"
5020,86400,0,0,0,0,0,0,"标本检验中"
5021,0,0,0,0,0,0,0,"收集标本"
5022,0,0,0,0,0,0,0,"收集标本"
5023,21600,0,0,0,0,0,0,"标本检验中"
5024,0,0,0,0,0,0,0,"调查东边小坑"
5025,0,0,0,0,0,0,0,"调查西边小坑"
5026,0,0,0,0,0,0,0,"调查南边小坑"
5027,0,0,0,0,0,0,0,"调查北边小坑"
5028,43200,0,0,0,0,0,0,"标本检验中"
5029,3600,0,0,0,0,0,0,"不明物体"
5030,0,0,0,0,0,0,0,"想念家人"
5031,0,0,0,0,0,0,0,"想念家人"
5032,0,0,0,0,0,0,0,"想念家人"
5033,0,0,0,0,0,0,0,"想念家人"
5034,0,0,0,0,0,0,0,"家人的消息"
5035,0,0,0,0,0,0,0,"帮助老人!!"
5036,0,0,0,0,0,0,0,"帮助老人!!"
5037,0,0,0,0,0,0,0,"帮助老人!!"
5038,0,0,0,0,0,0,0,"帮助老人!!"
5039,0,0,0,0,0,0,0,"帮助老人!!"
5040,0,0,0,0,0,0,0,"帮助老人!!"
5041,0,0,0,0,0,0,0,"帮助老人!!"
5042,0,0,0,0,0,0,0,"帮助老人!!"
5043,300,0,0,0,0,0,0,"帮助老人!!"
5044,86400,0,0,0,0,0,0,"帮助老人!!"
5045,0,0,0,0,0,0,0,"帮助老人!!"
5046,0,0,0,0,0,0,0,"帮助老人!!"
5047,0,0,0,0,0,0,0,"帮助老人!!"
5048,0,0,0,0,0,0,0,"帮助老人!!"
5049,0,0,0,0,0,0,0,"帮助老人!!"
5050,0,0,0,0,0,0,0,"帮助老人!!"
5051,0,0,0,0,0,0,0,"帮助老人!!"
5052,0,0,0,0,0,0,0,"传统武器"
5053,0,0,0,0,0,0,0,"传统武器"
5054,0,0,0,0,0,0,0,"传统武器"
5055,0,2071,15,0,0,0,0,"本地-无头骡"
5056,0,1584,15,0,0,0,0,"本地-塔噜安"
5057,0,0,0,0,0,0,0,"本地-准备庆典"
5058,0,0,0,0,0,0,0,"选手们的士气-(1)"
5059,0,0,0,0,0,0,0,"选手们的士气-(2)"
5060,180,0,0,0,0,0,0,"Cat Shock"
5061,0,0,0,0,0,0,0,"我很可怕吗?"
5062,0,0,0,0,0,0,0,"遇见伊留"
5063,0,0,0,0,0,0,0,"遇见史都"
5064,0,0,0,0,0,0,0,"遇见凯查"
5065,0,0,0,0,0,0,0,"遇见伊弗"
5066,0,0,0,0,0,0,0,"恐怖形象-(1)"
5067,0,0,0,0,0,0,0,"恐怖形象-(2)"
5068,72000,0,0,0,0,0,0,"意见箱"
5069,3600,0,0,0,0,0,0,"荣誉证"
5070,86400,0,0,0,0,0,0,"猜拳练习赛"
5071,86400,0,0,0,0,0,0,"男生女生配练习赛"
5072,86400,0,0,0,0,0,0,"黑白猜练习赛"
5073,86400,0,0,0,0,0,0,"挑战挥旗队"
5074,0,1158,30,0,0,0,0,"猫咪用餐"
5075,0,1144,50,0,0,0,0,"补品"
5076,0,1282,30,0,0,0,0,"仇人们…"
5077,0,1209,10,0,0,0,0,"训练默契"
5078,0,1019,50,0,0,0,0,"好消化的鸟肉"
5079,0,0,0,0,0,0,0,"稳定军心的办法"
5080,0,0,0,0,0,0,0,"零食不够"
5081,0,0,0,0,0,0,0,"违禁品"
5082,0,0,0,0,0,0,0,"清凉食物"
5083,0,0,0,0,0,0,0,"伊留回来吧-(1)"
5084,0,0,0,0,0,0,0,"伊留回来吧-(2)"
5085,0,0,0,0,0,0,0,"史都回来吧-(1)"
5086,0,0,0,0,0,0,0,"史都回来吧-(2)"
5087,0,0,0,0,0,0,0,"凯查回来吧-(1)"
5088,0,0,0,0,0,0,0,"凯查回来吧-(2)"
5089,0,0,0,0,0,0,0,"伊弗回来吧-(1)"
5090,0,0,0,0,0,0,0,"伊弗回来吧-(2)"
5091,0,0,0,0,0,0,0,"前往喵喵岛"
5092,0,0,0,0,0,0,0,"突破初学者的极限"
5093,0,0,0,0,0,0,0,"突破初学者的极限"
5094,0,1002,1000,0,0,0,0,"突破初学者的极限"
5095,0,1063,1000,0,0,0,0,"突破初学者的极限"
5096,0,1007,1000,0,0,0,0,"突破初学者的极限"
5097,0,1049,1000,0,0,0,0,"突破初学者的极限"
5098,0,0,0,0,0,0,0,"突破初学者的极限"
5099,0,0,0,0,0,0,0,"突破初学者的极限"
5100,0,0,0,0,0,0,0,"突破初学者的极限"
5101,0,0,0,0,0,0,0,"选择了天使阵营。"
5102,0,0,0,0,0,0,0,"选择了恶魔阵营。"
5103,7200,0,0,0,0,0,0,"[天使] 请稍等!!"
5104,0,0,0,0,0,0,0,"[天使阵营] 势力扩张!!"
5105,0,0,0,0,0,0,0,"[天使阵营] 防御阻止!!"
5106,7200,0,0,0,0,0,0,"[恶魔] 等等!!"
5107,0,0,0,0,0,0,0,"[恶魔阵营] 势力扩张!!"
5108,0,0,0,0,0,0,0,"[恶魔阵营] 防御阻止!!"
5109,0,0,0,0,0,0,0,"不寻常之传言"
5110,0,0,0,0,0,0,0,"传闻中的主角"
5111,0,0,0,0,0,0,0,"去研究室.."
5112,259200,0,0,0,0,0,0,"研究所出入管制"
5113,0,1646,1,0,0,0,0,"[安息] ●骑士领主 赛依连"
5114,0,2235,1,0,0,0,0,"[安息] ●圣殿十字军 兰达罗伦斯"
5115,0,1649,1,0,0,0,0,"[安息] ●神官 玛嘉雷特"
5116,0,2238,1,0,0,0,0,"[安息] ●武术宗师 陈理欧"
5117,0,1651,1,0,0,0,0,"[安息] ●超魔导师 凯特莉娜"
5118,0,2237,1,0,0,0,0,"[安息] ●智者 西里亚阿迪"
5119,0,1648,1,0,0,0,0,"[安息] ●神工匠 哈沃得"
5120,0,2236,1,0,0,0,0,"[安息] ●创造者 普拉梅姆"
5121,0,1647,1,0,0,0,0,"[安息] ●十字刺客 艾勒梅斯"
5122,0,2239,1,0,0,0,0,"[安息] ●神行太保 科迪狱"
5123,0,1650,1,0,0,0,0,"[安息] ●神射手 迪文"
5124,0,2240,1,0,0,0,0,"[安息] ●搞笑艺人 雅欧帕奇尔 巴希"
5125,0,2241,1,0,0,0,0,"[安息] ●冷艳舞姬 特兰提尼"
//
5147,0,0,0,0,0,0,0,"神枪手基础训练(1)"
5148,0,0,0,0,0,0,0,"神枪手基础训练(2)"
5149,0,1004,10,0,0,0,0,"<战斗训练委托书A>"
5149,0,1012,10,0,0,0,0,"<战斗训练委托书B>"
5149,0,1167,10,0,0,0,0,"<战斗训练委托书C>"
5149,0,1052,10,0,0,0,0,"<战斗训练委托书D>"
//
5153,0,0,0,0,0,0,0,"精炼新手教学_01"
5154,0,0,0,0,0,0,0,"精炼新手教学_01"
5155,0,0,0,0,0,0,0,"精炼新手教学_01"
5156,0,0,0,0,0,0,0,"精炼新手教学_01"
5157,0,0,0,0,0,0,0,"强化新手教学_01"
5158,0,0,0,0,0,0,0,"强化新手教学_02"
5159,0,0,0,0,0,0,0,"强化新手教学_03"
//
6000,0,0,0,0,0,0,0,"跆拳转职"
6001,0,0,0,0,0,0,0,"跆拳转职"
6002,0,0,0,0,0,0,0,"跆拳转职"
//
6005,0,0,0,0,0,0,0,"悟灵士转职"
6006,0,0,0,0,0,0,0,"悟灵士转职"
6007,0,0,0,0,0,0,0,"悟灵士转职"
6008,0,0,0,0,0,0,0,"悟灵士转职"
//
6010,0,0,0,0,0,0,0,"超级初学者转职"
//
6015,0,0,0,0,0,0,0,"库乌佳 加伊的召唤"
6016,0,0,0,0,0,0,0,"可疑男子的请托"
6017,0,0,0,0,0,0,0,"红豹 乔伊的回信"
6018,0,0,0,0,0,0,0,"库乌佳 加伊的狂气"
//
6020,0,0,0,0,0,0,0,"米勒的信件"
6021,0,0,0,0,0,0,0,"黄牛角所说的凭证"
6022,0,0,0,0,0,0,0,"凭证制作"
6023,0,0,0,0,0,0,0,"黄牛角的坏心眼"
6024,0,0,0,0,0,0,0,"转职神枪手!"
6025,300,0,0,0,0,0,0,"KVM认可"
//
7000,0,0,0,0,0,0,0,"舞娘转职! 这是转职申请表!"
7001,0,0,0,0,0,0,0,"舞娘转职! 舞娘所需的东西是..?"
7002,0,0,0,0,0,0,0,"舞娘转职! 舞娘所需的东西是..?"
7003,0,0,0,0,0,0,0,"舞娘转职! 舞娘所需的东西是..?"
7004,0,0,0,0,0,0,0,"舞娘转职! 是谁想见我呢?"
7005,0,0,0,0,0,0,0,"舞娘转职! 终于走到舞台了!"
7006,0,0,0,0,0,0,0,"舞娘转职! 出道成功!"
7007,0,0,0,0,0,0,0,"太阳与月亮及星星的战士"
7008,0,0,0,0,0,0,0,"太阳与月亮及星星的战士 - 自然"
7009,0,0,0,0,0,0,0,"太阳与月亮及星星的战士 - 圣域"
7010,0,0,0,0,0,0,0,"太阳与月亮及星星的战士 - 星星?"
7011,0,0,0,0,0,0,0,"太阳与月亮及星星的战士"
7012,0,0,0,0,0,0,0,"追踪队-简单容易的事情"
7013,0,0,0,0,0,0,0,"追踪队-简单容易的事情"
7014,0,0,0,0,0,0,0,"追踪队-简单容易的事情"
7015,0,0,0,0,0,0,0,"追踪队-简单容易的事情"
7016,0,0,0,0,0,0,0,"追踪队-简单容易的事情?!"
7017,0,0,0,0,0,0,0,"追踪队-简单容易的事情?!"
7018,0,0,0,0,0,0,0,"追踪队-简单容易的事情?!"
7019,0,0,0,0,0,0,0,"追踪队-事情完成...."
7020,0,0,0,0,0,0,0,"追踪队-事情完成...."
7021,0,0,0,0,0,0,0,"追踪队-奇怪的卷轴"
7022,0,0,0,0,0,0,0,"追踪队-奇怪的卷轴"
7023,0,0,0,0,0,0,0,"追踪队-奇怪的卷轴"
7024,0,0,0,0,0,0,0,"追踪队-奇怪的卷轴"
7025,0,0,0,0,0,0,0,"追踪队-奇怪的卷轴"
7026,0,0,0,0,0,0,0,"追踪队-卷轴变得更奇怪了"
7027,0,0,0,0,0,0,0,"追踪队-侦查"
7028,0,0,0,0,0,0,0,"追踪队-侦查?"
7029,0,0,0,0,0,0,0,"追踪队-逮捕雷安"
7030,0,0,0,0,0,0,0,"追踪队-逮捕雷安"
7031,0,0,0,0,0,0,0,"追踪队-雷安逃走"
7032,0,0,0,0,0,0,0,"追踪队-雷安逃走"
7033,0,0,0,0,0,0,0,"追踪队-雷安逃走"
7034,0,0,0,0,0,0,0,"追踪队-雷安逃走"
7035,0,0,0,0,0,0,0,"追踪队-雷安逃走"
7036,0,0,0,0,0,0,0,"追踪队-雷安逃走"
7037,0,0,0,0,0,0,0,"蒲公英团，还有我们"
7038,0,0,0,0,0,0,0,"对烤红薯的热情"
7039,0,0,0,0,0,0,0,"回避实力够水准"
7040,0,0,0,0,0,0,0,"回避实力够水准2"
7041,0,0,0,0,0,0,0,"把政治留给政治家"
7042,0,0,0,0,0,0,0,"饲养师助手 - 哒哒乔的食物"
7043,0,0,0,0,0,0,0,"饲养师助手 - 飞马的食物"
7044,0,0,0,0,0,0,0,"饲养师助手 - 希斯利安的食物1"
7045,0,0,0,0,0,0,0,"饲养师助手 - 希斯利安的食物2"
7046,0,0,0,0,0,0,0,"饲养师助手 - 需要垫子"
7047,18000,0,0,0,0,0,0,"饲养师助手 - 今天的事情结束！"
7048,0,0,0,0,0,0,0,"死亡之塔 - 布雷德的委托！"
7049,0,0,0,0,0,0,0,"死亡之塔 - 塔的封印！"
7050,0,0,0,0,0,0,0,"死亡之塔 - 塔的封印！"
7051,0,0,0,0,0,0,0,"死亡之塔 - 塔的封印！"
7052,0,0,0,0,0,0,0,"死亡之塔 - 塔的封印！"
7053,0,0,0,0,0,0,0,"死亡之塔 - 他们想要的东西...."
7054,0,1282,1000,0,0,0,0,"缪的委托 - 天罚"
7055,0,1261,1,0,0,0,0,"缪的委托 - 不能碰猫咪!"
7056,0,0,0,0,0,0,0,"信使 - 阿克的委托"
7057,0,0,0,0,0,0,0,"信使 - 阿克的委托"
7058,0,0,0,0,0,0,0,"信使 - 阿克的委托"
7059,0,0,0,0,0,0,0,"信使 - 泰拉的行踪"
7060,0,0,0,0,0,0,0,"信使 - 泰拉的行踪"
7061,0,0,0,0,0,0,0,"信使 - 泰拉的行踪"
7062,0,0,0,0,0,0,0,"信使 - 泰拉的行踪"
7063,0,0,0,0,0,0,0,"信使 - 泰拉的行踪"
7064,0,0,0,0,0,0,0,"信使 - 泰拉的行踪"
7065,0,0,0,0,0,0,0,"信使 - 泰拉的行踪"
7066,0,0,0,0,0,0,0,"信使 - 真实证明"
7067,0,0,0,0,0,0,0,"信使 - 真实证明"
7068,0,0,0,0,0,0,0,"信使 - 真实证明"
7069,0,0,0,0,0,0,0,"信使 - 太晚了!"
7070,0,0,0,0,0,0,0,"信使 - 泰拉的归还"
7071,0,0,0,0,0,0,0,"信使 - 邀请"
//7072,0,0,0,0,0,0,0,"定期报告书 - 回收"
//7073,86400,0,0,0,0,0,0,"定期报告书 - 待命"
7074,0,2017,1,0,0,0,0,"勇敢的证明 - 拉塔"
7075,0,2018,1,0,0,0,0,"勇敢的证明 - 杜内尔"
7076,0,2026,1,0,0,0,0,"悬赏通缉 - 扫荡残党"
7077,0,0,0,0,0,0,0,"为了宠物 - 搜集飞龙蛋"
7078,86400,0,0,0,0,0,0,"为了宠物 - 下次再来帮忙"
7079,0,0,0,0,0,0,0,"神秘的矿石 - 精炼魔力之石"
7080,86400,0,0,0,0,0,0,"神秘的矿石 - 下次再来帮忙"
7081,0,0,0,0,0,0,0,"工匠的精神 - 野衣的装饰材料"
7082,86400,0,0,0,0,0,0,"工匠的精神 - 下次再来帮忙"
7083,0,0,0,0,0,0,0,"斐扬的新年食物"
7084,86400,0,0,0,0,0,0,"能否再为我送一次年糕汤?"
7085,0,0,0,0,0,0,0,"打工送大米"
7086,0,0,0,0,0,0,0,"物品收据01"
7087,0,0,0,0,0,0,0,"物品收据02"
7088,0,0,0,0,0,0,0,"物品收据03"
7089,0,0,0,0,0,0,0,"物品收据04"
7090,86400,0,0,0,0,0,0,"下次还要运送大米"
7091,0,0,0,0,0,0,0,"达奥拉的建议01"
7092,0,0,0,0,0,0,0,"达奥拉的建议02"
7093,0,0,0,0,0,0,0,"达奥拉的建议03"
7094,0,0,0,0,0,0,0,"达奥拉的建议04"
7095,0,0,0,0,0,0,0,"达奥拉的建议05"
7096,0,0,0,0,0,0,0,"新资格的证明"
7097,0,0,0,0,0,0,0,"新资格的证明"
7098,0,0,0,0,0,0,0,"新资格的证明"
7099,0,0,0,0,0,0,0,"新资格的证明"
7100,0,0,0,0,0,0,0,"给贝尔卡塞传话"
7101,0,0,0,0,0,0,0,"刺客公会的特殊任务1"
7102,0,0,0,0,0,0,0,"刺客公会的特殊任务2"
7103,0,0,0,0,0,0,0,"刺客公会的特殊任务3"
7104,900,0,0,0,0,0,0,"刺客公会的特殊任务4"
7105,300,0,0,0,0,0,0,"刺客公会的特殊任务4"
7106,0,0,0,0,0,0,0,"刺客公会的特殊任务5"
7107,1800,0,0,0,0,0,0,"刺客公会的特殊任务6"
7108,0,0,0,0,0,0,0,"刺客公会的特殊任务7"
7109,0,0,0,0,0,0,0,"刺客公会的特殊任务8"
7110,600,0,0,0,0,0,0,"刺客公会的特殊任务9"
7111,0,0,0,0,0,0,0,"刺客公会的特殊任务10"
7112,0,0,0,0,0,0,0,"玛德莱的情报"
7113,0,0,0,0,0,0,0,"格雷布的情报"
7114,0,0,0,0,0,0,0,"特洛班的情报"
7115,0,0,0,0,0,0,0,"行商的情报"
7116,0,0,0,0,0,0,0,"村里老人的情报"
7117,0,0,0,0,0,0,0,"游戏的第一步"
7118,0,0,0,0,0,0,0,"新手修炼场 - 1"
7119,0,0,0,0,0,0,0,"新手修炼场 - 2"
7120,0,0,0,0,0,0,0,"新手修炼场 - 3"
7121,0,0,0,0,0,0,0,"新手修炼场 - 4"
7122,0,1002,1,0,0,0,0,"第一次战斗 - 捕捉波利"
7123,0,1050,2,0,0,0,0,"战斗的基础 - 1"
7124,0,1063,5,0,0,0,0,"战斗的基础 - 2"
7125,0,0,0,0,0,0,0,"不狩猎"
7126,0,0,0,0,0,0,0,"我的特殊技能"
7127,0,1010,5,0,0,0,0,"战斗的基础 - 3"
7128,0,0,0,0,0,0,0,"训练课程'征服沙漠!'-开始"
7129,0,1009,10,0,0,0,0,"训练课程'征服沙漠!'-实战1"
7130,0,1107,10,0,0,0,0,"训练课程'征服沙漠!'-实战2"
7131,0,1001,5,0,0,0,0,"训练课程'征服沙漠!'-实战3"
7132,0,0,0,0,0,0,0,"训练课程'征服沙漠!'-完成"
7133,0,0,0,0,0,0,0,"训练课程'征服地下水道!'-开始"
7134,0,1051,10,0,0,0,0,"训练课程'征服地下水道!'-实战1"
7135,0,1175,10,0,0,0,0,"训练课程'征服地下水道!'-实战2"
7136,0,1005,5,0,0,0,0,"训练课程'征服地下水道!'-实战3"
7137,0,0,0,0,0,0,0,"训练课程'征服地下水道!'-完成"
7138,0,0,0,0,0,0,0,"训练课程'征服鬼洞!'-开始"
7139,0,1076,15,0,0,0,0,"训练课程'征服鬼洞!'-实战1"
7140,0,1031,10,0,0,0,0,"训练课程'征服鬼洞!'-实战2"
7141,0,0,0,0,0,0,0,"训练课程'征服鬼洞!'-完成"
7142,0,0,0,0,0,0,0,"训练课程'征服蚂蚁地狱!'-开始"
7143,0,1160,15,0,0,0,0,"训练课程'征服蚂蚁地狱!'-实战1"
7144,0,1095,15,0,0,0,0,"训练课程'征服蚂蚁地狱!'-实战2"
7145,0,1176,10,0,0,0,0,"训练课程'征服蚂蚁地狱!'-实战3"
7146,0,0,0,0,0,0,0,"训练课程'征服蚂蚁地狱!'-完成"
7147,0,0,0,0,0,0,0,"训练课程'征服兽人村!'-开始"
7148,0,1686,10,0,0,0,0,"训练课程'征服兽人村!'-实战1"
7149,0,1023,10,0,0,0,0,"训练课程'征服兽人村!'-实战2"
7150,0,1273,10,0,0,0,0,"训练课程'征服兽人村!'-实战3"
7151,0,0,0,0,0,0,0,"训练课程'征服兽人村!'-完成"
7152,0,0,0,0,0,0,0,"训练课程'征服兽人迷宫!'-开始"
7153,0,1153,20,0,0,0,0,"训练课程'征服兽人迷宫!'-实战1"
7154,0,1152,20,0,0,0,0,"训练课程'征服兽人迷宫!'-实战2"
7155,0,0,0,0,0,0,0,"训练课程'征服兽人迷宫!'-完成"
7156,0,0,0,0,0,0,0,"训练课程'征服海底城市!'-开始"
7157,0,1264,15,0,0,0,0,"训练课程'征服海底城市!'-实战1"
7158,0,1065,10,0,0,0,0,0,"训练课程'征服海底城市!'-实战2"
7159,0,0,0,0,0,0,0,"训练课程'征服海底城市!'-完成"
7160,0,0,0,0,0,0,0,"谜之暗号"
7161,0,0,0,0,0,0,0,"谜之暗号 - 第二个"
7162,0,0,0,0,0,0,0,"谜之暗号 - 第二个"
7163,0,0,0,0,0,0,0,"谜之暗号 - 第二个"
7164,0,2076,1,0,0,0,0,"狩猎欺骗的影子"
7165,0,0,0,0,0,0,0,"欺骗之钥匙"
7166,0,0,0,0,0,0,0,"影子工坊拉赫支部"
7167,0,0,0,0,0,0,0,"谜之暗号 - 第三个"
7168,0,0,0,0,0,0,0,"谜之暗号 - 第三个"
7169,0,0,0,0,0,0,0,"谜之暗号 - 第三个"
7170,0,0,0,0,0,0,0,"谜之暗号 - 第三个"
7171,0,2077,1,0,0,0,0,"狩猎幻象的影子"
7172,0,0,0,0,0,0,0,"幻象之钥匙"
7173,0,0,0,0,0,0,0,"给哈尔雷德的传言"
7174,0,0,0,0,0,0,0,"谜之暗号 - 第四个"
7175,0,2078,1,0,0,0,0,"狩猎欢乐的影子"
7176,0,0,0,0,0,0,0,"欢乐之钥匙"
7177,0,0,0,0,0,0,0,"企业都市的年轻人"
7178,0,0,0,0,0,0,0,"欺骗, 幻象, 欢乐的终点"
7179,0,0,0,0,0,0,0,"维森特, 你这家伙!"
7180,0,0,0,0,0,0,0,"杜姆克的传言"
7181,0,0,0,0,0,0,0,"卡拉卡斯之戒"
7182,0,0,0,0,0,0,0,"沙帕的访问"
7183,0,0,0,0,0,0,0,"沙帕的邀请"
7184,0,0,0,0,0,0,0,"前往埃迪斯特斯！"
7185,0,0,0,0,0,0,0,"监察官多哈"
7186,0,0,0,0,0,0,0,"多哈的秘密指令-调查"
7187,0,0,0,0,0,0,0,"多哈的秘密指令-夏伊"
7188,0,0,0,0,0,0,0,"收集情报-在广场"
7189,0,0,0,0,0,0,0,"收集情报-在工厂"
7190,0,0,0,0,0,0,0,"收集情报-在近卫队"
7191,0,0,0,0,0,0,0,"夏伊的指名-彼凯"
7192,0,0,0,0,0,0,0,"彼凯的情报"
7193,0,0,0,0,0,0,0,"对裂缝的调查"
7194,0,0,0,0,0,0,0,"这些血痕的真相是？"
7195,0,0,0,0,0,0,0,"这些皮肤碎片的真相是？"
7196,0,0,0,0,0,0,0,"这些奇怪的魔力是？"
7197,0,0,0,0,0,0,0,"功勋证？功勋证！"
7198,0,0,0,0,0,0,0,"谒见大臣阿哈特"
7199,0,0,0,0,0,0,0,"阿哈特的秘密指令"
7200,86400,0,0,0,0,0,0,"柴郡的呼叫"
7201,0,0,0,0,0,0,0,"清理裂缝"
7202,0,0,0,0,0,0,0,"清理裂缝"
7203,0,0,0,0,0,0,0,"多哈的秘密指令-收集证物"
7204,0,0,0,0,0,0,0,"报春花"
//
7206,0,0,0,0,0,0,0,"柴郡的新任务"
7207,0,0,0,0,0,0,0,"柴郡提及的箱子"
7208,86400,0,0,0,0,0,0,"明天也会来吗?"
7209,0,0,0,0,0,0,0,"莫名其妙"
7210,0,0,0,0,0,0,0,"每天配送"
7211,9000,0,0,0,0,0,0,"雾林探险"
7212,0,0,0,0,0,0,0,"洛奇在寻找的东西"
7213,0,0,0,0,0,0,0,"彷徨的守护者"
7214,0,0,0,0,0,0,0,"高阶训练第1阶段讨伐克魔岛"
7215,0,1278,3,0,0,0,0,"第1阶段之1-讨伐"
7216,0,1278,10,0,0,0,0,"第1阶段之2-突破北边洞穴"
7217,0,0,0,0,0,0,0,"第1阶段之3-清理原野"
7218,0,0,0,0,0,0,0,"向晤勒报告"
7219,0,0,0,0,0,0,0,"高阶训练第2阶段克雷斯特汉姆古城"
7220,0,1192,20,0,0,0,0,"第2阶段之1-死神"
7221,0,1117,10,0,0,0,0,"第2阶段之2-堕落的圣职者"
7222,0,0,0,0,0,0,0,"向晤勒报告"
7223,0,0,0,0,0,0,0,"高阶训练第3阶段艾音布罗克"
7224,0,1619,30,0,0,0,0,"第3阶段之1-三叶铁甲虫"
7225,0,1620,30,0,0,0,0,"第3阶段之2-这是恶梦(1)"
7226,0,1621,30,0,0,0,0,"第3阶段之2-这是恶梦(2)"
7227,0,1622,5,0,0,0,0,"第3阶段之2-这是恶梦(3)"
7228,0,0,0,0,0,0,0,"向晤勒报告"
7229,0,0,0,0,0,0,0,"高阶训练第4阶段冰洞穴"
7230,0,1776,30,0,0,0,0,"第4阶段之1-小雪怪"
7231,0,1776,30,0,0,0,0,"第4阶段之2-冰块!"
7232,0,0,0,0,0,0,0,"向晤勒报告"
7233,0,0,0,0,0,0,0,"第4阶段的高级玩家前往异世界"
7234,0,0,0,0,0,0,0,"玛格蕾的请托"
7235,0,1988,1,0,0,0,0,"第4阶段米鲁的情况"
7236,0,1995,5,0,0,0,0,"第4阶段米内的情况"
7237,0,0,0,0,0,0,0,"向晤勒报告"
7238,0,0,0,0,0,0,0,"涂仑的差事(容易)"
7239,0,0,0,0,0,0,0,"涂仑的差事(普通)"
7240,0,0,0,0,0,0,0,"涂仑的装备强化1次性券"
7241,86400,0,0,0,0,0,0,"涂仑的差事C明天继续"
7242,0,0,0,0,0,0,0,"陪小猫咪玩耍"
7243,0,0,0,0,0,0,0,"猫咪探险-喵喵指南针"
7244,180,0,0,0,0,0,0,"猫咪探险-喵喵指南针"
7245,180,0,0,0,0,0,0,"猫咪探险-喵喵指南针"
7246,0,0,0,0,0,0,0,"猫咪探险-现在去见面"
7247,0,0,0,0,0,0,0,"猫咪探险-让喵喵机停下来!"
//7248,0,0,0,0,0,0,0,""
7249,86400,0,0,0,0,0,0,"猫咪探险-喵喵机!明天同一时间"
7250,0,0,0,0,0,0,0,"猫咪探险-宝藏?"
7251,0,0,0,0,0,0,0,"猫咪探险-第1块拼图"
7252,0,0,0,0,0,0,0,"猫咪探险-第2块拼图"
7253,0,0,0,0,0,0,0,"猫咪探险-第3块拼图"
7254,0,0,0,0,0,0,0,"猫咪探险-第4块拼图"
7255,0,0,0,0,0,0,0,"猫咪探险-第5块拼图"
7256,0,0,0,0,0,0,0,"猫咪探险-第6块拼图"
7257,86400,0,0,0,0,0,0,"猫咪探险-赛跑，明天同一时间!
7258,0,0,0,0,0,0,0,"猫咪探险-全都找齐的拼图"
7259,0,0,0,0,0,0,0,"喵喵队的礼物"
7260,0,0,0,0,0,0,0,"虫虫的巢穴"
7261,0,0,0,0,0,0,0,"清理猫饼干-船长室"
7262,0,0,0,0,0,0,0,"清理猫饼干-船员室"
7263,0,0,0,0,0,0,0,"清理猫饼干-集会室"
7264,0,0,0,0,0,0,0,"告诉主厨猫乐司"
7265,180,0,0,0,0,0,0,"主厨猫乐司的愤怒"
7266,0,0,0,0,0,0,0,"主厨猫乐司的命令"
7267,86400,0,0,0,0,0,0,"和猫可莉的约定时间"
7268,0,0,0,0,0,0,0,"寻找猫饼干!"
7269,0,0,0,0,0,0,0,"清理猫饼干-休息处"
7270,0,0,0,0,0,0,0,"清理猫饼干-沙堆"
7271,0,0,0,0,0,0,0,"清理猫饼干-楼梯底下"
7272,0,0,0,0,0,0,0,"清理猫饼干-猫跳台角落"
7273,0,0,0,0,0,0,0,"清理猫饼干-保管箱缝隙"
7274,0,0,0,0,0,0,0,"清理猫饼干-猫跳台跳板"
7275,0,0,0,0,0,0,0,"清理猫饼干-沙丘"
7276,86400,0,0,0,0,0,0,"供应食材约定"
7281,0,0,0,0,0,0,0,"猫乐司的需求名细"
7282,0,0,0,0,0,0,0,"猫乐司的需求名细"
7283,0,0,0,0,0,0,0,"猫乐司的需求名细"
7284,0,0,0,0,0,0,0,"猫乐司的需求名细"
7285,0,0,0,0,0,0,0,"猫乐司的需求名细"
7286,0,0,0,0,0,0,0,"猫乐司的需求名细"
7287,0,0,0,0,0,0,0,"猫乐司的需求名细"
7288,0,0,0,0,0,0,0,"猫乐司的需求名细"
7289,0,0,0,0,0,0,0,"猫乐司的需求名细"
7290,0,0,0,0,0,0,0,"猫乐司的需求名细"
7291,0,0,0,0,0,0,0,"猫乐司的需求名细"
7292,0,0,0,0,0,0,0,"猫乐司的需求名细"
7293,0,0,0,0,0,0,0,"猫乐司的需求名细"
7294,0,0,0,0,0,0,0,"猫乐司的需求名细"
7295,0,0,0,0,0,0,0,"猫乐司的需求名细"
7296,0,0,0,0,0,0,0,"猫乐司的需求名细"
7297,0,0,0,0,0,0,0,"猫乐司的需求名细"
7298,0,0,0,0,0,0,0,"猫乐司的需求名细"
7299,0,0,0,0,0,0,0,"猫乐司的需求名细"
7300,0,0,0,0,0,0,0,"猫乐司的需求名细"
7301,0,0,0,0,0,0,0,"猫乐司的需求名细"
7302,0,0,0,0,0,0,0,"猫乐司的需求名细"
7303,0,0,0,0,0,0,0,"猫乐司的需求名细"
7304,0,0,0,0,0,0,0,"猫乐司的需求名细"
7305,0,0,0,0,0,0,0,"猫乐司的需求名细"
7306,0,0,0,0,0,0,0,"猫乐司的需求名细"
7307,0,0,0,0,0,0,0,"猫乐司的需求名细"
7308,0,0,0,0,0,0,0,"猫乐司的需求名细"
7309,0,0,0,0,0,0,0,"猫乐司的需求名细"
7310,0,0,0,0,0,0,0,"猫乐司的需求名细"
7311,0,0,0,0,0,0,0,"猫乐司的需求名细"
7312,0,0,0,0,0,0,0,"猫乐司的需求名细"
7313,0,0,0,0,0,0,0,"猫乐司的需求名细"
7314,0,0,0,0,0,0,0,"猫乐司的需求名细"
7315,0,0,0,0,0,0,0,"猫乐司的需求名细"
7316,0,0,0,0,0,0,0,"猫乐司的需求名细"
7317,0,0,0,0,0,0,0,"猫乐司的需求名细"
7318,0,0,0,0,0,0,0,"猫乐司的需求名细"
7319,0,0,0,0,0,0,0,"猫乐司的需求名细"
7320,0,0,0,0,0,0,0,"猫乐司的需求名细"
7321,0,0,0,0,0,0,0,"猫乐司的需求名细"
7322,0,0,0,0,0,0,0,"猫乐司的需求名细"
7323,0,0,0,0,0,0,0,"猫乐司的需求名细"
7324,0,0,0,0,0,0,0,"猫乐司的需求名细"
7325,0,0,0,0,0,0,0,"猫乐司的需求名细"
7326,0,0,0,0,0,0,0,"猫乐司的需求名细"
7327,0,0,0,0,0,0,0,"猫乐司的需求名细"
7328,0,0,0,0,0,0,0,"猫乐司的需求名细"
7329,0,0,0,0,0,0,0,"猫乐司的需求名细"
7330,0,0,0,0,0,0,0,"猫乐司的需求名细"
7331,0,0,0,0,0,0,0,"猫乐司的需求名细"
7332,0,0,0,0,0,0,0,"猫乐司的需求名细"
7333,0,0,0,0,0,0,0,"猫乐司的需求名细"
7334,0,0,0,0,0,0,0,"猫乐司的需求名细"
7335,0,0,0,0,0,0,0,"猫乐司的需求名细"
7336,0,0,0,0,0,0,0,"猫乐司的需求名细"
7337,0,0,0,0,0,0,0,"猫乐司的需求名细"
7338,0,0,0,0,0,0,0,"猫乐司的需求名细"
7339,0,0,0,0,0,0,0,"猫乐司的需求名细"
7340,0,0,0,0,0,0,0,"猫乐司的需求名细"
7341,0,0,0,0,0,0,0,"猫乐司的需求名细"
7342,0,0,0,0,0,0,0,"猫乐司的需求名细"
7343,0,0,0,0,0,0,0,"猫乐司的需求名细"
7344,0,0,0,0,0,0,0,"猫乐司的需求名细"
7345,0,0,0,0,0,0,0,"猫乐司的需求名细"
7346,0,0,0,0,0,0,0,"猫乐司的需求名细"
//
7349,1800,0,0,0,0,0,0,"参与投票"
7350,0,0,0,0,0,0,0,"Cautious Village"
7351,0,0,0,0,0,0,0,"Better than My Old Button"
7352,0,0,0,0,0,0,0,"Sailor Wants a Button"
7353,0,0,0,0,0,0,0,"Old Man Wants a Button"
7354,0,0,0,0,0,0,0,"Young Man Wants a Button"
7355,0,0,0,0,0,0,0,"Merchant Wants a Button"
7356,0,0,0,0,0,0,0,"Little Kid Wants a Button"
7357,0,0,0,0,0,0,0,"Middle-aged Guy Wants a Button"
7358,0,0,0,0,0,0,0,"Why do they want my Buttons?"
7359,0,0,0,0,0,0,0,"Deliver Holy Item to Sailor"
7360,0,0,0,0,0,0,0,"Deliver Holy Item to Old Man"
7361,0,0,0,0,0,0,0,"Deliver Holy Item to Young Man"
7362,0,0,0,0,0,0,0,"Deliver Holy Item to Merchant"
7363,0,0,0,0,0,0,0,"Deliver Holy Item to Little Kid"
7364,0,0,0,0,0,0,0,"Deliver Holy Item to Middle-aged Man"
7365,0,0,0,0,0,0,0,"Better than My Old Button-2"
7366,0,0,0,0,0,0,0,"Traditional Spiritual Protection and Impudent Girl-1"
7367,0,0,0,0,0,0,0,"Traditional Spiritual Protection and Impudent Girl-2"
7368,0,0,0,0,0,0,0,"Deliver Spiritual Protection-Pedro"
7369,0,0,0,0,0,0,0,"Deliver Spiritual Protection-Nardo"
7370,0,0,0,0,0,0,0,"Deliver Spiritual Protection-Pandoi"
7371,0,0,0,0,0,0,0,"Deliver Spiritual Protection-Woeon"
7372,0,0,0,0,0,0,0,"Deliver Spiritual Protection-Talah"
7373,0,0,0,0,0,0,0,"Deliver Spiritual Protection-Romel"
7374,0,0,0,0,0,0,0,"Love and Spiritual Protection for All"
7375,0,0,0,0,0,0,0,"Love and Spiritual Protection Continues"
7376,0,0,0,0,0,0,0,"Old Man and Cast-Iron Caldron-1"
7377,0,0,0,0,0,0,0,"Old Man and Cast-Iron Caldron-2"
7378,0,0,0,0,0,0,0,"Old Man and Cast-Iron Caldron-Regular Trades"
7379,0,0,0,0,0,0,0,"Peace Preacher"
7380,0,0,0,0,0,0,0,"To Smith a Traditional Spiritual Protection"
7381,0,0,0,0,0,0,0,"High Demand on Spiritual Protection Material"
7382,0,0,0,0,0,0,0,"Deliver to Pedro"
7383,0,0,0,0,0,0,0,"Deliver to Nardo"
7384,0,0,0,0,0,0,0,"Deliver to Pandoi"
7385,0,0,0,0,0,0,0,"Deliver to Woeon"
7386,0,0,0,0,0,0,0,"Deliver to Talah"
7387,0,0,0,0,0,0,0,"Deliver to Romel"
7388,0,0,0,0,0,0,0,"Maries's Child"
7389,0,0,0,0,0,0,0,"Give the Shirt to Maries's Child"
7390,0,0,0,0,0,0,0,"Worried about Maries's Child"
7391,0,0,0,0,0,0,0,"Jejeling and Jejellopy"
7392,0,0,0,0,0,0,0,"Collect Jejellopy Regularly"
7393,0,0,0,0,0,0,0,"Shiny Silver Blade"
7394,0,0,0,0,0,0,0,"Shiny Tomorrow"
7395,0,0,0,0,0,0,0,"Ghost on the Perry Ship"
7396,0,0,0,0,0,0,0,"Angry Soul on Perry Ship"
7397,0,0,0,0,0,0,0,"Mumbaki Phong's Advice"
7398,0,0,0,0,0,0,0,"Offering Bouquet Recommended by Mumbaki"
7399,0,0,0,0,0,0,0,"Soul Diwata's Story"
7400,0,0,0,0,0,0,0,"Mumbaki of Port Malaya"
7401,0,0,0,0,0,0,0,"All Aboard for Perry Sailing"
7402,0,0,0,0,0,0,0,"Bouquet for Diwata"
7403,0,0,0,0,0,0,0,"Stabilized Perry"
7404,0,0,0,0,0,0,0,"Get Rid of Jejeling"
7405,0,0,0,0,0,0,0,"Get Rid of Jejeling - Same Time Tomorrow"
7406,0,0,0,0,0,0,0,"Agree to Collecting Bones!"
7407,0,0,0,0,0,0,0,"Purified Bone"
7408,0,0,0,0,0,0,0,"Agree to Come Back Tomorrow?"
7409,0,0,0,0,0,0,0,"Cannot Meet Eyes with Him!"
7410,0,0,0,0,0,0,0,"Teach Another Lesson Tomorrow!"
//
7471,0,0,0,0,0,0,0,"史上第一次的对话"
7472,0,0,0,0,0,0,0,"世界的第一步"
7473,0,0,0,0,0,0,0,"清凉的饮料"
7474,0,0,0,0,0,0,0,"导览人员的礼物"
7475,0,0,0,0,0,0,0,"哎哟…晚了一步-1"
7476,0,0,0,0,0,0,0,"哎哟…晚了一步-2"
7477,0,0,0,0,0,0,0,"哎哟…晚了一步-3"
7478,0,0,0,0,0,0,0,"基础药草学"
7479,0,0,0,0,0,0,0,"是敌还是友？"
7480,0,0,0,0,0,0,0,"关于盗贼系列职业"
7481,0,0,0,0,0,0,0,"维森特的课程"
7482,0,0,0,0,0,0,0,"贝尔卡塞的课程"
7483,0,0,0,0,0,0,0,"利用入门手册来使用技能"
7484,0,0,0,0,0,0,0,"店长!叫你使用偷窃技能!"
7485,0,1002,1,0,0,0,0,"刺客!用毒吧!"
7486,0,0,0,0,0,0,0,"鲁米和…"
7487,30,1002,4,0,0,0,0,"刺客!用毒吧!"
7488,0,1113,5,1049,5,1107,5,"火属性3样组合"
7489,0,1005,1,0,0,0,0,"寂静的肃杀计划"
7490,0,0,0,0,0,0,0,"令人回忆的香菇浓汤"
7491,0,0,0,0,0,0,0,"去伊甸园吧!"
7492,0,0,0,0,0,0,0,"最强的南瓜骑士"
7493,0,1001,17,0,0,0,0,"17对1的战斗"
7494,0,1011,10,1007,10,0,0,"净化香菇农场"
//
8000,0,0,0,0,0,0,0,"放弃刺客转职"
8001,0,0,0,0,0,0,0,"申请刺客转职"
8002,0,0,0,0,0,0,0,"刺客转职笔试"
8003,0,0,0,0,0,0,0,"刺客转职术科测验"
8004,0,0,0,0,0,0,0,"刺客转职术科测验"
8005,0,0,0,0,0,0,0,"刺客转职术科测验"
8006,0,0,0,0,0,0,0,"寻找公会会长"
8007,0,0,0,0,0,0,0,"公会会长的认可"
8008,0,0,0,0,0,0,0,"转职为刺客"
8009,0,0,0,0,0,0,0,"申请祭司转职"
8010,0,0,0,0,0,0,0,"祭司巡礼修行"
8011,0,0,0,0,0,0,0,"祭司驱魔修行"
8012,0,0,0,0,0,0,0,"祭司驱魔修行"
8013,0,0,0,0,0,0,0,"祭司转职考试"
8014,0,0,0,0,0,0,0,"祭司奉献的宣誓"
8015,0,0,0,0,0,0,0,"申请祭司转职"
8016,0,0,0,0,0,0,0,"转职为祭司"
8017,0,0,0,0,0,0,0,"艾音布罗克工厂调查"
8018,0,0,0,0,0,0,0,"艾音布罗克工厂调查"
8019,0,0,0,0,0,0,0,"艾音布罗克工厂调查"
8020,0,0,0,0,0,0,0,"艾音布罗克工厂调查"
8021,0,0,0,0,0,0,0,"艾音布罗克工厂调查"
8022,0,0,0,0,0,0,0,"艾音布罗克工厂调查"
8023,0,0,0,0,0,0,0,"艾音布罗克工厂调查"
8024,0,0,0,0,0,0,0,"艾音布罗克工厂调查"
8025,0,0,0,0,0,0,0,"艾音布罗克工厂调查"
8026,0,0,0,0,0,0,0,"艾音布罗克工厂调查"
8027,0,0,0,0,0,0,0,"艾音布罗克工厂调查"
8028,0,0,0,0,0,0,0,"艾音布罗克工厂调查"
8029,0,0,0,0,0,0,0,"艾音布罗克工厂调查"
8030,0,0,0,0,0,0,0,"艾音布罗克工厂调查"
8031,0,0,0,0,0,0,0,"艾音布罗克工厂调查"
8032,0,0,0,0,0,0,0,"裴陆的请托"
8033,0,0,0,0,0,0,0,"杜陆的请托"
8034,0,0,0,0,0,0,0,"杜陆的请托"
8035,0,0,0,0,0,0,0,"向裴陆转达信件"
8036,0,0,0,0,0,0,0,"海伦的请托"
8037,0,0,0,0,0,0,0,"向凯西转达信件"
8038,0,0,0,0,0,0,0,"向凯西转达信件"
8039,0,0,0,0,0,0,0,"飞空艇的秘密"
8040,0,0,0,0,0,0,0,"飞空艇的秘密"
8041,0,0,0,0,0,0,0,"飞空艇的秘密"
8042,0,0,0,0,0,0,0,"飞空艇的秘密"
8043,0,0,0,0,0,0,0,"飞空艇的秘密"
8044,0,0,0,0,0,0,0,"游思蓝的未婚夫"
8045,0,0,0,0,0,0,0,"凯西的证词"
8046,0,0,0,0,0,0,0,"杜陆船长乘客名单"
8047,0,0,0,0,0,0,0,"游思蓝的请托"
8048,0,0,0,0,0,0,0,"游克蓝的证词"
8049,0,0,0,0,0,0,0,"提俄立的请托"
8050,0,0,0,0,0,0,0,"提俄立所面临的危险"
8051,0,0,0,0,0,0,0,"游思蓝的药"
8052,0,0,0,0,0,0,0,"提俄立的请托"
8053,0,0,0,0,0,0,0,"艾伦的药"
8054,0,0,0,0,0,0,0,"孝子普斯特的留言"
8055,0,0,0,0,0,0,0,"照料艾伦"
8056,0,0,0,0,0,0,0,"艾伦的奖励"
8057,0,0,0,0,0,0,0,"发牢骚的马那音"
8058,0,0,0,0,0,0,0,"与尔相特对话"
8059,0,0,0,0,0,0,0,"与裴皮次对话"
8060,0,0,0,0,0,0,0,"顽固的尔相特"
8061,0,0,0,0,0,0,0,"马那音的叹息"
8062,0,0,0,0,0,0,0,"卡那音的灵魂"
8063,0,0,0,0,0,0,0,"卡那音与尔相特重逢"
8064,0,0,0,0,0,0,0,"西雷托的烤肉串料理"
8065,0,0,0,0,0,0,0,"西雷托的烤肉串料理"
8066,0,0,0,0,0,0,0,"西雷托的烤肉串料理"
8067,0,0,0,0,0,0,0,"西雷托的烤肉串料理"
8068,0,0,0,0,0,0,0,"西雷托的烤肉串料理"
8069,0,0,0,0,0,0,0,"西雷托的烤肉串料理"
8070,0,0,0,0,0,0,0,"西雷托的烤肉串料理"
8071,0,0,0,0,0,0,0,"西雷托的烤肉串料理"
8072,0,0,0,0,0,0,0,"西雷托的烤肉串料理"
8073,0,0,0,0,0,0,0,"西雷托的烤肉串料理"
8074,0,0,0,0,0,0,0,"西雷托的烤肉串料理"
8075,0,0,0,0,0,0,0,"西雷托的烤肉串料理"
8076,0,0,0,0,0,0,0,"克黎泽与卡拉"
8077,0,0,0,0,0,0,0,"克黎泽与卡拉"
8078,0,0,0,0,0,0,0,"克黎泽与卡拉"
8079,0,0,0,0,0,0,0,"克黎泽与卡拉"
8080,0,0,0,0,0,0,0,"克黎泽与卡拉"
8081,0,0,0,0,0,0,0,"克黎泽与卡拉"
8082,0,0,0,0,0,0,0,"克黎泽与卡拉"
8083,0,0,0,0,0,0,0,"克黎泽与卡拉"
8084,0,0,0,0,0,0,0,"克黎泽与卡拉"
8085,0,0,0,0,0,0,0,"克黎泽与卡拉"
8086,0,0,0,0,0,0,0,"克黎泽与卡拉"
8087,0,0,0,0,0,0,0,"克黎泽与卡拉"
8088,0,0,0,0,0,0,0,"克黎泽与卡拉"
8089,0,0,0,0,0,0,0,"被窃走的宝石"
8090,0,0,0,0,0,0,0,"被窃走的宝石"
8091,0,0,0,0,0,0,0,"被窃走的宝石"
8092,0,0,0,0,0,0,0,"被窃走的宝石"
8093,0,0,0,0,0,0,0,"被窃走的宝石"
8094,0,0,0,0,0,0,0,"被窃走的宝石"
8095,0,0,0,0,0,0,0,"被窃走的宝石"
8096,0,0,0,0,0,0,0,"被窃走的宝石"
8097,0,0,0,0,0,0,0,"被窃走的宝石"
8098,0,0,0,0,0,0,0,"被窃走的宝石"
8099,0,0,0,0,0,0,0,"被窃走的宝石"
8100,0,0,0,0,0,0,0,"大神官的推荐书"
8101,0,0,0,0,0,0,0,"大神官的推荐书"
8102,0,0,0,0,0,0,0,"大神官的推荐书"
8103,0,0,0,0,0,0,0,"大神官的推荐书"
8104,0,0,0,0,0,0,0,"大神官的推荐书"
8105,0,0,0,0,0,0,0,"大神官的推荐书"
8106,0,0,0,0,0,0,0,"布鲁斯彼特的行踪"
8107,0,0,0,0,0,0,0,"罗雪莲的证词"
8108,0,0,0,0,0,0,0,"外国人卡汀休尔"
8109,0,0,0,0,0,0,0,"布鲁斯彼特的香味"
8110,0,0,0,0,0,0,0,"布鲁斯彼特的香味"
8111,0,0,0,0,0,0,0,"罗雪莲的证词"
8112,0,0,0,0,0,0,0,"菲依雅的泉井"
8113,0,0,0,0,0,0,0,"布鲁斯彼特的日记"
8114,0,0,0,0,0,0,0,"布鲁斯彼特的日记"
8115,0,0,0,0,0,0,0,"布鲁斯彼特的日记"
8116,0,0,0,0,0,0,0,"可疑的卡汀休尔"
8117,0,0,0,0,0,0,0,"罗雪莲的证词"
8118,0,0,0,0,0,0,0,"菲依雅的泉井"
8119,0,0,0,0,0,0,0,"孙达鲁对话"
8120,0,0,0,0,0,0,0,"与卡汀休尔的对话"
8121,0,0,0,0,0,0,0,"与卡汀休尔对话"
8122,0,0,0,0,0,0,0,"与卡汀休尔对话"
8123,0,0,0,0,0,0,0,"阿育塔雅的名吃，羊肉火锅"
8124,0,0,0,0,0,0,0,"阿育塔雅的名吃，羊肉火锅"
8125,0,0,0,0,0,0,0,"阿育塔雅的名吃，羊肉火锅"
8126,0,0,0,0,0,0,0,"阿育塔雅的名吃，羊肉火锅"
8127,0,0,0,0,0,0,0,"莫莫塔罗体验官"
8128,0,0,0,0,0,0,0,"莫莫塔罗体验官"
8129,0,0,0,0,0,0,0,"莫莫塔罗体验官"
8130,0,0,0,0,0,0,0,"莫莫塔罗体验官"
8131,0,0,0,0,0,0,0,"天津城城主的母亲"
8132,0,0,0,0,0,0,0,"天津城城主的母亲"
8133,0,0,0,0,0,0,0,"狐狸的歌声"
8134,0,0,0,0,0,0,0,"北部神社的少年"
8135,0,0,0,0,0,0,0,"击退狐狸"
8136,0,0,0,0,0,0,0,"危险的森林"
8137,0,0,0,0,0,0,0,"三岔路的碑石"
8138,0,0,0,0,0,0,0,"灰狼的警告"
8139,0,0,0,0,0,0,0,"灰狼的委托"
8140,0,0,0,0,0,0,0,"玛丽亚．莫雷布纳"
8141,0,0,0,0,0,0,0,"莫斯科的铁匠"
8142,0,0,0,0,0,0,0,"金色的钥匙"
8143,0,0,0,0,0,0,0,"巴希丽的红色戒指"
8144,0,0,0,0,0,0,0,"玛雪佳的行踪"
8145,0,0,0,0,0,0,0,"玛雪佳的行踪"
8146,0,0,0,0,0,0,0,"木笛的歌声"
8147,0,0,0,0,0,0,0,"木笛的歌声"
8148,0,0,0,0,0,0,0,"伤心的大妈"
8149,0,0,0,0,0,0,0,"伤心的大妈"
8150,0,0,0,0,0,0,0,"卢萨卡的恋人"
8151,0,0,0,0,0,0,0,"异国的流浪者"
8152,0,0,0,0,0,0,0,"梦罗克村居民"
8153,0,0,0,0,0,0,0,"伊格尔的口信"
8154,0,0,0,0,0,0,0,"The Keymaker"
8155,0,0,0,0,0,0,0,"秋天的主人马洛兹卡"
8156,0,0,0,0,0,0,0,"秋天的主人马洛兹卡"
8157,0,0,0,0,0,0,0,"马洛兹卡的条件"
8158,0,0,0,0,0,0,0,"破草棚里的芭芭亚卡"
8159,0,0,0,0,0,0,0,"芭芭亚卡的跑腿活"
8160,0,0,0,0,0,0,0,"芭芭亚卡的跑腿活"
8161,0,0,0,0,0,0,0,"芭芭亚卡的跑腿活"
8162,0,0,0,0,0,0,0,"芭芭亚卡的跑腿活"
8163,0,0,0,0,0,0,0,"芭芭亚卡的跑腿活"
8164,0,0,0,0,0,0,0,"芭芭亚卡的跑腿活"
8165,0,0,0,0,0,0,0,"芭芭亚卡的跑腿活"
8166,0,0,0,0,0,0,0,"芭芭亚卡的跑腿活"
8167,0,0,0,0,0,0,0,"芭芭亚卡的跑腿活"
8168,0,0,0,0,0,0,0,"芭芭亚卡的跑腿活"
8169,0,0,0,0,0,0,0,"芭芭亚卡的跑腿活"
8170,0,0,0,0,0,0,0,"芭芭亚卡的跑腿活"
8171,0,0,0,0,0,0,0,"芭芭亚卡的跑腿活"
//
8181,0,0,0,0,0,0,0,"火狩冲击"
8182,0,0,0,0,0,0,0,"击退技术的原理"
8183,0,0,0,0,0,0,0,"火狩冲击"
8184,0,0,0,0,0,0,0,"元素转化器"
8185,0,0,0,0,0,0,0,"元素转化"
8186,0,0,0,0,0,0,0,"火属性元素转化"
8187,0,0,0,0,0,0,0,"地属性元素转化"
8188,0,0,0,0,0,0,0,"风属性元素转化"
8189,0,0,0,0,0,0,0,"水属性元素转化"
8190,0,0,0,0,0,0,0,"诱惑之波"
8191,0,0,0,0,0,0,0,"有魅力的建议者"
8192,0,0,0,0,0,0,0,"不讲理的建议者"
8193,0,0,0,0,0,0,0,"不讲理的建议者"
8194,0,0,0,0,0,0,0,"不省人事的建议者"
8195,0,0,0,0,0,0,0,"亲切的沙内尔"
8196,0,0,0,0,0,0,0,"三国联合调查团的矛盾"
8197,0,0,0,0,0,0,0,"传送文件"
8198,0,0,0,0,0,0,0,"向事务官报告"
8199,0,0,0,0,0,0,0,"联合调查团事务官的委托"
8200,0,0,0,0,0,0,0,"廖森的资料请求"
8201,0,0,0,0,0,0,0,"遗失的资料"
8202,0,0,0,0,0,0,0,"文件复原"
8203,0,0,0,0,0,0,0,"资料复原"
8204,0,0,0,0,0,0,0,"把资料交给廖森"
8205,0,0,0,0,0,0,0,"向事务官报告"
8206,0,0,0,0,0,0,0,"联合调查团会议"
8207,0,0,0,0,0,0,0,"罪犯不是汉吉纳"
8208,0,0,0,0,0,0,0,"汉吉纳的委托"
8209,0,0,0,0,0,0,0,"休的报告书"
8210,0,0,0,0,0,0,0,"向事务官报告"
8211,0,0,0,0,0,0,0,"施兰克的课程"
8212,0,0,0,0,0,0,0,"施兰克的课程"
8213,0,0,0,0,0,0,0,"施兰克的课程"
8214,0,0,0,0,0,0,0,"施兰克的课程"
8215,0,0,0,0,0,0,0,"施兰克的课程"
8216,0,0,0,0,0,0,0,"施兰克的跑腿活"
8217,0,0,0,0,0,0,0,"迪丘的口信"
8218,0,0,0,0,0,0,0,"施兰克的课程"
8219,0,0,0,0,0,0,0,"施兰克的课程"
8220,0,0,0,0,0,0,0,"施兰克的课程"
8221,0,0,0,0,0,0,0,"施兰克的课程"
8222,0,0,0,0,0,0,0,"施兰克的跑腿活"
8223,0,0,0,0,0,0,0,"迪丘的跑腿活"
8224,0,0,0,0,0,0,0,"罪犯的线索"
8225,0,0,0,0,0,0,0,"迪丘的推理"
8226,0,0,0,0,0,0,0,"邦克利之死"
8227,0,0,0,0,0,0,0,"回到施兰克那里"
8228,0,0,0,0,0,0,0,"施兰克的课程"
8229,0,0,0,0,0,0,0,"加宁的课程"
8230,0,0,0,0,0,0,0,"加宁的课程"
8231,0,0,0,0,0,0,0,"加宁的课程"
8232,0,0,0,0,0,0,0,"加宁的课程"
8233,0,0,0,0,0,0,0,"加宁的课程"
8234,0,0,0,0,0,0,0,"普隆德拉市场调查"
8235,0,0,0,0,0,0,0,"加宁的课程"
8236,0,0,0,0,0,0,0,"加宁的课程"
8237,0,0,0,0,0,0,0,"加宁的课程"
8238,0,0,0,0,0,0,0,"加宁的课程"
8239,0,0,0,0,0,0,0,"加宁的课程"
8240,0,0,0,0,0,0,0,"加宁的课程"
8241,0,0,0,0,0,0,0,"回收红色宝石"
8242,0,0,0,0,0,0,0,"回收蓝色宝石"
8243,0,0,0,0,0,0,0,"异界的语言"
8244,0,0,0,0,0,0,0,"妖精和树巨人"
8245,0,0,0,0,0,0,0,"调查语言标本"
8246,0,0,0,0,0,0,0,"调查语言标本"
8247,0,0,0,0,0,0,0,"调查研究情况"
8248,0,0,0,0,0,0,0,"调查研究情况"
8249,0,0,0,0,0,0,0,"信息储存方法"
8250,0,0,0,0,0,0,0,"异界的矿石"
8251,0,0,0,0,0,0,0,"魔力注入"
8252,0,0,0,0,0,0,0,"加工好的宝石"
8253,3600,0,0,0,0,0,0,"异界语言翻译机"
8254,0,0,0,0,0,0,0,"清空身体和心灵"
8255,0,0,0,0,0,0,0,"生存能力考试"
8256,0,0,0,0,0,0,0,"生存能力考试"
8257,0,1321,1,0,0,0,0,"提奥德罗的粮食筹备"
8258,0,0,0,0,0,0,0,"提奥德罗的粮食筹备"
8259,0,0,0,0,0,0,0,"前往游侠实战考场"
8260,0,0,0,0,0,0,0,"任务! 递送文件"
8261,0,0,0,0,0,0,0,"吹响笛子, 狼就会出现!"
8262,0,0,0,0,0,0,0,"游侠公会会长内沃凯恩"
//
8265,3600,0,0,0,0,0,0,"一小时一次!"
8266,0,1077,10,0,0,0,0,"狩猎毒蘑菇!"
8267,0,1056,10,0,0,0,0,"狩猎狸猫!"
8268,0,1033,10,0,0,0,0,"狩猎长老树精!"
8269,0,1104,10,0,0,0,0,"狩猎松鼠!"
8270,0,1034,10,0,0,0,0,"狩猎突变蛙!"
8271,0,0,0,0,0,0,0,"配送灭害药!"
8272,0,0,0,0,0,0,0,"配送蜂蜜!"
8273,0,0,0,0,0,0,0,"配送毛毯!"
8274,0,0,0,0,0,0,0,"搜集骨头!"
8275,0,0,0,0,0,0,0,"搜集熊掌!"
8276,0,0,0,0,0,0,0,"搜集甲壳!"
8277,0,0,0,0,0,0,0,"搜集尾巴!"
8278,0,0,0,0,0,0,0,"搜集曲奇!"
8279,0,0,0,0,0,0,0,"搜集胡子!"
//
9000,0,0,0,0,0,0,0,"转职为骑士的开始"
9001,0,0,0,0,0,0,0,"身为骑士应有的诚实"
9002,0,0,0,0,0,0,0,"身为骑士该走的诚实"
9003,0,0,0,0,0,0,0,"身为骑士该走的路"
9004,0,0,0,0,0,0,0,"身为骑士该走的路"
9005,0,0,0,0,0,0,0,"身为骑士该有的强韧"
9006,0,0,0,0,0,0,0,"身为骑士该有的强韧"
9007,0,0,0,0,0,0,0,"身为骑士该走的路"
9008,0,0,0,0,0,0,0,"身为骑士应有的礼仪"
9009,0,0,0,0,0,0,0,"身为骑士该走的路"
9010,0,0,0,0,0,0,0,"身为骑士应有的心态"
9011,0,0,0,0,0,0,0,"身为骑士该走的路"
9012,0,0,0,0,0,0,0,"骑士的荣誉!"
9013,0,0,0,0,0,0,0,"我要当巫师!"
9014,0,0,0,0,0,0,0,"我要当巫师!"
9015,0,0,0,0,0,0,0,"阴沉的巫师大叔?"
9016,0,0,0,0,0,0,0,"魔法与物质的理解测验"
9017,0,0,0,0,0,0,0,"魔法的活用能力"
9018,0,0,0,0,0,0,0,"巫师认证完成!"
//
9024,0,0,0,0,0,0,0,"钢铁之都的跑腿的"
9025,0,0,0,0,0,0,0,"Swab the Deck: Sticky Rats"
9026,72000,0,0,0,0,0,0,"Swab the Deck: Present status"
9027,72000,0,0,0,0,0,0,"Church Donation Quest"
9028,0,0,0,0,0,0,0,"奇妙的海边"
9029,72000,0,0,0,0,0,0,"变异海葵 : 现况"
9030,0,0,0,0,0,0,0,"寻找小狗"
9031,0,0,0,0,0,0,0,"寻找小狗"
9032,86400,0,0,0,0,0,0,"寻找小狗"
//
9055,0,0,0,0,0,0,0,"探望女性魔物"
9056,0,0,0,0,0,0,0,"探望女性魔物"
9057,0,0,0,0,0,0,0,"探望女性魔物"
9058,0,0,0,0,0,0,0,"探望女性魔物"
9059,0,0,0,0,0,0,0,"探望女性魔物"
9060,0,0,0,0,0,0,0,"探望女性魔物"
9061,0,0,0,0,0,0,0,"探望女性魔物"
9062,0,0,0,0,0,0,0,"探望女性魔物"
//
9105,0,0,0,0,0,0,0,"劳动节"
9106,72000,0,0,0,0,0,0,"劳动节 : 目前情况"
9107,0,1002,50,0,0,0,0,"劳动节 : 怪物洞穴 第一层楼"
9108,0,1051,50,0,0,0,0,"劳动节 : 怪物洞穴 第二层楼"
9109,0,1070,50,0,0,0,0,"劳动节 : 怪物洞穴 第三层楼"
9110,0,1031,50,0,0,0,0,"劳动节 : 怪物洞穴 第四层楼"
9111,0,1176,50,0,0,0,0,"劳动节 : 怪物洞穴 第五层楼"
9112,0,1169,50,0,0,0,0,"劳动节 : 怪物洞穴 第六层楼"
9113,0,1032,20,0,0,0,0,"劳动节 : 怪物洞穴 第七层楼"
9114,0,1836,10,0,0,0,0,"劳动节 : 怪物洞穴 第八层楼"
9115,0,1197,5,0,0,0,0,"劳动节 : 怪物洞穴 第九层楼"
9116,0,1298,3,0,0,0,0,"劳动节 : 怪物洞穴 第十层楼"
9117,0,0,0,0,0,0,0,"宣誓仪式 - 1阶段冒险"
9118,0,0,0,0,0,0,0,"宣誓仪式 - 消除小恶魔"
9119,0,0,0,0,0,0,0,"宣誓仪式 -  消除狂暴恶灵"
9120,0,0,0,0,0,0,0,"宣誓仪式 - 消除无颅武士"
9121,0,0,0,0,0,0,0,"宣誓仪式 - 消除七彩梦魇"
9122,0,0,0,0,0,0,0,"宣誓仪式 - 2阶段冒险"
9123,0,0,0,0,0,0,0,"宣誓仪式 - 返回普隆德拉"
//
9125,0,1129,5,1517,10,0,0,"消灭王陵1层魔物"
9126,72000,0,0,0,0,0,0,"消灭王陵1层的怪物: 休息中"
9127,0,1514,5,1512,10,0,0,"消灭王陵内部的怪物"
9128,72000,0,0,0,0,0,0,"消灭王陵内部的怪物: 休息中"
9129,0,1519,5,1513,10,0,0,"消灭审良宫的怪物"
9130,72000,0,0,0,0,0,0,"消灭审良宫的怪物: 休息中"
//
9142,0,0,0,0,0,0,0,"完成"
//
9155,0,0,0,0,0,0,0,"寻求贾提王冠制作材料"
9156,0,0,0,0,0,0,0,"贾提王冠制作"
9157,0,0,0,0,0,0,0,"贤者卡锡亚帕的回报"
9158,0,0,0,0,0,0,0,"传递好消息(1)"
9159,0,0,0,0,0,0,0,"回到帕伊库身边"
9160,0,0,0,0,0,0,0,"传递好消息(2)"
9161,0,0,0,0,0,0,0,"回到帕伊库身边"
9162,0,0,0,0,0,0,0,"传递好消息(3)"
9163,0,0,0,0,0,0,0,"回到帕伊库身边"
9164,0,0,0,0,0,0,0,"传递好消息(4)"
9165,0,0,0,0,0,0,0,"贾提王冠制作成功和帕伊库的回报"
9166,72000,0,0,0,0,0,0,"素质重置 : 目前情况"
9167,0,0,0,0,0,0,0,"新手教学<雇用佣兵>"
9168,0,0,0,0,0,0,0,"新手教学<确认任务窗>"
9169,0,0,0,0,0,0,0,"新手教学<购买露天商店检索卡>"
9170,0,0,0,0,0,0,0,"新手教学<使用露天检索>"
9171,0,0,0,0,0,0,0,"新手教学<获取材料>"
9172,0,0,0,0,0,0,0,"新手教学<观摩附魔完毕的装备>"
9173,72000,0,0,0,0,0,0,"新手教学<体验每日任务>"
//
9264,0,0,0,0,0,0,0,"转职为魔法师<前往吉芬附近原野>"
9265,0,0,0,0,0,0,0,"转职为魔法师<前往吉芬村落>"
9266,0,0,0,0,0,0,0,"转职为魔法师<前往魔法师公会>"
9267,0,0,0,0,0,0,0,"迈向强大魔法师之路_1"
9268,0,0,0,0,0,0,0,"迈向强大魔法师之路_2"
9269,0,0,0,0,0,0,0,"迈向强大魔法师之路_3"
9270,0,0,0,0,0,0,0,"迈向强大魔法师之路_4"
//
10000,0,0,0,0,0,0,0,"向普隆德拉城"
10001,0,0,0,0,0,0,0,"证明实力"
10002,0,0,0,0,0,0,0,"评价资质"
10003,0,0,0,0,0,0,0,"向评审委员确认要做的事"
10004,0,0,0,0,0,0,0,"中场报告"
10005,0,0,0,0,0,0,0,"阿伊建 阿伦王子"
10006,0,0,0,0,0,0,0,"艾伦斯特王子"
10007,0,0,0,0,0,0,0,"包尔王子"
10008,0,0,0,0,0,0,0,"派特王子"
10009,0,0,0,0,0,0,0,"尤尔根王子"
10010,0,0,0,0,0,0,0,"海墨特王子"
10011,0,0,0,0,0,0,0,"艾瑞克王子"
10012,0,0,0,0,0,0,0,"两个王子的故事"
10013,0,0,0,0,0,0,0,"去寻找派特的少女"
10014,0,0,0,0,0,0,0,"再去找一次派特"
10015,0,0,0,0,0,0,0,"王位条例15"
10016,0,0,0,0,0,0,0,"发特家族的客人"
10017,0,0,0,0,0,0,0,"恐怖的真相"
10018,0,0,0,0,0,0,0,"堕落的阿伦 - 包尔"
10019,0,0,0,0,0,0,0,"堕落的阿伦 - 派特"
10020,0,0,0,0,0,0,0,"堕落的阿伦 - 艾瑞克"
10021,0,0,0,0,0,0,0,"堕落的阿伦 - 尤尔根"
10022,0,0,0,0,0,0,0,"堕落的阿伦 - 海墨特"
10023,0,0,0,0,0,0,0,"阿伊建阿伦与艾伦斯特 -前-"
10024,0,0,0,0,0,0,0,"阿伊建阿伦与艾伦斯特 -后-"
10025,0,0,0,0,0,0,0,"再会了"
10026,0,0,0,0,0,0,0,"引导梅特醒悟"
10027,0,0,0,0,0,0,0,"引导梅特醒悟"
10028,0,0,0,0,0,0,0,"引导梅特醒悟"
10029,0,0,0,0,0,0,0,"引导梅特醒悟"
10030,0,0,0,0,0,0,0,"引导梅特醒悟"
10031,0,0,0,0,0,0,0,"引导梅特醒悟"
10032,0,0,0,0,0,0,0,"引导梅特醒悟"
10033,0,0,0,0,0,0,0,"引导梅特醒悟"
10034,0,0,0,0,0,0,0,"搜索小刀"
10035,0,0,0,0,0,0,0,"递送小刀"
10036,0,0,0,0,0,0,0,"筹备物品-砂糖"
10037,0,0,0,0,0,0,0,"筹备物品-蟹壳"
10038,0,0,0,0,0,0,0,"筹备物品-海螺"
10039,0,0,0,0,0,0,0,"筹备物品-鱼尾巴"
10040,0,0,0,0,0,0,0,"筹备物品-白色盘子"
10041,0,0,0,0,0,0,0,"筹备物品-?"
10042,0,0,0,0,0,0,0,"寻找琴键-剩余5个"
10043,0,0,0,0,0,0,0,"寻找琴键-剩余5个"
10044,0,0,0,0,0,0,0,"寻找琴键-剩余4个"
10045,0,0,0,0,0,0,0,"寻找琴键-剩余4个"
10046,0,0,0,0,0,0,0,"寻找琴键-剩余3个"
10047,0,0,0,0,0,0,0,"寻找琴键-剩余3个"
10048,0,0,0,0,0,0,0,"寻找琴键-剩余2个"
10049,0,0,0,0,0,0,0,"寻找琴键-剩余2个"
10050,0,0,0,0,0,0,0,"寻找琴键-剩余1个"
10051,0,0,0,0,0,0,0,"寻找琴键-剩余1个"
10052,0,0,0,0,0,0,0,"寻找琴键-装到钢琴上"
10053,0,0,0,0,0,0,0,"寻找琴键-填补空白"
10054,0,0,0,0,0,0,0,"逃走之前-魔女齐尔盖娜"
10055,0,0,0,0,0,0,0,"理解乌坦族的文化"
10056,0,0,0,0,0,0,0,"学习乌坦语"
10057,0,0,0,0,0,0,0,"人类前往异界"
10058,0,0,0,0,0,0,0,"人类前往异界"
10059,0,0,0,0,0,0,0,"人类前往异界"
10060,0,0,0,0,0,0,0,"人类前往异界"
10061,0,0,0,0,0,0,0,"人类前往异界"
10062,0,0,0,0,0,0,0,"人类前往异界"
10063,0,0,0,0,0,0,0,"人类前往异界"
10064,0,0,0,0,0,0,0,"人类前往异界"
10065,0,0,0,0,0,0,0,"人类前往异界"
10066,0,0,0,0,0,0,0,"人类前往异界"
10067,0,0,0,0,0,0,0,"人类前往异界"
10068,0,0,0,0,0,0,0,"人类前往异界"
10069,0,0,0,0,0,0,0,"人类前往异界"
10070,0,0,0,0,0,0,0,"人类前往异界"
10071,0,0,0,0,0,0,0,"人类前往异界"
10072,0,0,0,0,0,0,0,"人类前往异界"
10073,0,0,0,0,0,0,0,"人类前往异界"
10074,0,0,0,0,0,0,0,"人类前往异界"
10075,0,0,0,0,0,0,0,"人类前往异界"
10076,0,0,0,0,0,0,0,"人类前往异界"
10077,0,0,0,0,0,0,0,"人类前往异界"
10078,0,0,0,0,0,0,0,"人类前往异界"
10079,0,0,0,0,0,0,0,"逃避现实，迈向更广阔的世界"
10080,0,0,0,0,0,0,0,"逃避现实，迈向更广阔的世界"
10081,0,0,0,0,0,0,0,"逃避现实，迈向更广阔的世界"
10082,0,0,0,0,0,0,0,"逃避现实，迈向更广阔的世界"
10083,0,0,0,0,0,0,0,"逃避现实，迈向更广阔的世界"
10084,0,1261,1,0,0,0,0,"逃避现实，迈向更广阔的世界"
10085,86400,0,0,0,0,0,0,"逃避现实，迈向更广阔的世界"
10086,0,0,0,0,0,0,0,"逃避现实，迈向更广阔的世界"
10087,86400,0,0,0,0,0,0,"逃避现实，迈向更广阔的世界"
10088,0,0,0,0,0,0,0,"逃避现实，迈向更广阔的世界"
10089,0,0,0,0,0,0,0,"逃避现实，迈向更广阔的世界"
10090,0,0,0,0,0,0,0,"机匠转职"
10091,0,0,0,0,0,0,0,"机匠转职"
10092,0,0,0,0,0,0,0,"机匠转职"
10093,0,0,0,0,0,0,0,"机匠转职"
10094,0,0,0,0,0,0,0,"机匠转职"
10095,0,0,0,0,0,0,0,"机匠转职"
10096,0,0,0,0,0,0,0,"机匠转职"
10097,0,0,0,0,0,0,0,"机匠转职"
10098,0,0,0,0,0,0,0,"机匠转职"
10099,0,0,0,0,0,0,0,"机匠转职"
10100,0,0,0,0,0,0,0,"机匠转职"
10101,0,0,0,0,0,0,0,"机匠转职"
10102,0,0,0,0,0,0,0,"会见委托人 - 斯芬克斯迷宫篇"
10103,0,0,0,0,0,0,0,"会见委托人 - 格雷斯特海姆篇"
10104,0,0,0,0,0,0,0,"会见委托人 - 朱诺篇"
10105,0,0,0,0,0,0,0,"会见委托人 - 时间塔篇"
10106,0,0,0,0,0,0,0,"会见委托人 - 本地化地图篇"
10107,0,1164,10,0,0,0,0,"斯芬克斯迷宫 - 诺可伊"
10108,0,1140,10,0,0,0,0,"斯芬克斯迷宫 - 马尔杜克"
10109,0,1154,10,0,0,0,0,"斯芬克斯迷宫 - 帕莎纳"
10110,0,1260,10,0,0,0,0,"格雷斯特海姆 - 镜妖"
10111,0,1117,10,0,0,0,0,"格雷斯特海姆 - 神官"
10112,0,1192,10,0,0,0,0,"格雷斯特海姆 - 恶灵"
10113,0,1276,10,0,0,0,0,"格雷斯特海姆 - 幽灵弓箭手"
10114,0,1369,20,0,0,0,0,"朱诺 - 七彩大嘴鸟"
10115,0,1386,20,0,0,0,0,"朱诺 - 沙妖"
10116,0,1372,20,0,0,0,0,"朱诺 - 魔羌"
10117,0,1376,20,0,0,0,0,"朱诺 - 鸟人哈比"
10118,0,1269,15,0,0,0,0,"时间塔 - 古钟魔"
10119,0,1199,15,0,0,0,0,"时间塔 - 朽魔"
10120,0,1195,15,0,0,0,0,"时间塔 - 飞行魔书"
10121,0,1883,15,0,0,0,0,"本地化地图 - 树林女巫"
10122,0,1404,15,0,0,0,0,"本地化地图 - 米雅毕"
10123,0,1516,15,0,0,0,0,"本地化地图 - 米糕"
//
11000,0,0,0,0,0,0,0,"调查奥丁神殿"
11001,0,0,0,0,0,0,0,"调查奥丁神殿"
11002,0,0,0,0,0,0,0,"调查奥丁神殿"
11003,0,0,0,0,0,0,0,"调查奥丁神殿"
11004,0,0,0,0,0,0,0,"调查奥丁神殿"
11005,0,0,0,0,0,0,0,"调查奥丁神殿"
11006,0,0,0,0,0,0,0,"调查奥丁神殿"
11007,0,0,0,0,0,0,0,"调查奥丁神殿"
11008,0,0,0,0,0,0,0,"调查奥丁神殿"
11009,0,0,0,0,0,0,0,"生物研究者"
11010,0,0,0,0,0,0,0,"生物研究者"
11011,0,0,0,0,0,0,0,"生物研究者"
11012,0,0,0,0,0,0,0,"生物研究者"
11013,0,0,0,0,0,0,0,"生物研究者"
11014,0,0,0,0,0,0,0,"生物研究者"
11015,0,0,0,0,0,0,0,"生物研究者"
11016,0,0,0,0,0,0,0,"生物研究者"
11017,0,0,0,0,0,0,0,"探险优配擂斯"
11018,0,0,0,0,0,0,0,"探险优配擂斯"
11019,0,0,0,0,0,0,0,"探险优配擂斯"
11020,0,0,0,0,0,0,0,"探险优配擂斯"
11021,0,0,0,0,0,0,0,"探险优配擂斯"
11022,0,0,0,0,0,0,0,"探险优配擂斯"
11023,0,0,0,0,0,0,0,"捡石头的老先生"
11024,0,0,0,0,0,0,0,"捡石头的老先生"
11025,0,0,0,0,0,0,0,"捡石头的老先生"
11026,0,0,0,0,0,0,0,"捡石头的老先生"
11027,0,0,0,0,0,0,0,"捡石头的老先生"
11028,0,0,0,0,0,0,0,"捡石头的老先生"
11029,0,0,0,0,0,0,0,"前往龟岛...."
11030,0,0,0,0,0,0,0,"前往龟岛...."
11031,0,0,0,0,0,0,0,"前往龟岛...."
11032,0,0,0,0,0,0,0,"前往龟岛...."
11033,0,0,0,0,0,0,0,"前往龟岛...."
11034,0,0,0,0,0,0,0,"前往龟岛...."
11035,0,0,0,0,0,0,0,"前往龟岛...."
11036,0,0,0,0,0,0,0,"前往龟岛...."
11037,0,0,0,0,0,0,0,"前往龟岛...."
11038,0,0,0,0,0,0,0,"尼芙菲姆的生还者"
11039,0,0,0,0,0,0,0,"尼芙菲姆的生还者"
11040,0,0,0,0,0,0,0,"尼芙菲姆的生还者"
11041,0,0,0,0,0,0,0,"尼芙菲姆的生还者"
11042,0,0,0,0,0,0,0,"尼芙菲姆的生还者"
11043,0,0,0,0,0,0,0,"尼芙菲姆的生还者"
11044,0,0,0,0,0,0,0,"药店-购买药材"
11045,0,0,0,0,0,0,0,"药店-购买药材"
11046,0,0,0,0,0,0,0,"药店-购买药材"
11047,0,0,0,0,0,0,0,"药店-购买药材"
11048,0,0,0,0,0,0,0,"药店-购买药材"
11049,0,0,0,0,0,0,0,"药店-购买药材"
11050,0,0,0,0,0,0,0,"药店-购买药材"
11051,0,0,0,0,0,0,0,"药店-购买药材"
11052,0,0,0,0,0,0,0,"药店-购买药材"
11053,0,0,0,0,0,0,0,"药店-购买药材"
11054,0,0,0,0,0,0,0,"药店-购买药材"
11055,0,0,0,0,0,0,0,"药店-购买药材"
11056,0,0,0,0,0,0,0,"药店-购买药材"
11057,0,0,0,0,0,0,0,"药店-购买药材"
11058,0,0,0,0,0,0,0,"胆小的少年米哈尔"
11059,0,0,0,0,0,0,0,"胆小的少年米哈尔"
11060,0,0,0,0,0,0,0,"胆小的少年米哈尔"
11061,0,0,0,0,0,0,0,"胆小的少年米哈尔"
11062,0,0,0,0,0,0,0,"胆小的少年米哈尔"
11063,0,0,0,0,0,0,0,"胆小的少年米哈尔"
11064,0,0,0,0,0,0,0,"胆小的少年米哈尔"
11065,0,0,0,0,0,0,0,"胆小的少年米哈尔"
11066,0,0,0,0,0,0,0,"胆小的少年米哈尔"
11067,0,0,0,0,0,0,0,"胆小的少年米哈尔"
11068,0,0,0,0,0,0,0,"胆小的少年米哈尔"
11069,0,0,0,0,0,0,0,"胆小的少年米哈尔"
11070,0,0,0,0,0,0,0,"毒药王"
11071,0,0,0,0,0,0,0,"毒药王"
11072,0,0,0,0,0,0,0,"毒药王"
11073,0,0,0,0,0,0,0,"毒药王"
11074,0,0,0,0,0,0,0,"毒药王"
11075,0,0,0,0,0,0,0,"毒药王"
11076,0,0,0,0,0,0,0,"毒药王"
11077,0,0,0,0,0,0,0,"毒药王"
11078,0,0,0,0,0,0,0,"毒药王"
11079,0,0,0,0,0,0,0,"毒药王"
11080,0,0,0,0,0,0,0,"毒药王"
11081,0,0,0,0,0,0,0,"毒药王"
11082,0,0,0,0,0,0,0,"毒药王"
11083,0,0,0,0,0,0,0,"毒药王"
11084,0,0,0,0,0,0,0,"适应新环境的方法"
11085,0,0,0,0,0,0,0,"适应新环境的方法"
11086,0,0,0,0,0,0,0,"适应新环境的方法"
11087,0,0,0,0,0,0,0,"修理营舍"
11088,0,0,0,0,0,0,0,"修理营舍"
11089,0,0,0,0,0,0,0,"修理营舍"
11090,0,0,0,0,0,0,0,"修理营舍"
11091,0,0,0,0,0,0,0,"发送配给品"
11092,0,0,0,0,0,0,0,"发送配给品"
11093,0,0,0,0,0,0,0,"发送配给品"
11094,0,0,0,0,0,0,0,"发送配给品"
11095,0,0,0,0,0,0,0,"发送配给品"
11096,0,0,0,0,0,0,0,"发送配给品"
11097,0,0,0,0,0,0,0,"发送配给品"
11098,0,0,0,0,0,0,0,"发送配给品"
11099,0,0,0,0,0,0,0,"给好友送信...."
11100,0,0,0,0,0,0,0,"给好友送信...."
11101,0,0,0,0,0,0,0,"巴杰特的秘密记事本"
11102,0,0,0,0,0,0,0,"巴杰特的秘密记事本"
11103,0,0,0,0,0,0,0,"巴杰特的秘密记事本"
11104,86400,0,0,0,0,0,0,"休息时间"
11105,0,0,0,0,0,0,0,"希斯利安的角"
11106,0,0,0,0,0,0,0,"大法师转职"
11107,0,0,0,0,0,0,0,"大法师转职"
11108,0,0,0,0,0,0,0,"大法师转职"
11109,0,0,0,0,0,0,0,"大法师转职"
11110,0,0,0,0,0,0,0,"大法师转职"
11111,0,0,0,0,0,0,0,"大法师转职"
11112,0,0,0,0,0,0,0,"大法师转职"
11113,86400,0,0,0,0,0,0,"直到雷达重新启动为止"
11114,0,1004,10,0,0,0,0,"委托:狩猎蜂兵"
11115,0,1009,20,0,0,0,0,"委托:狩猎秃鹰"
11116,0,1052,10,0,0,0,0,"委托:蝗虫后腿"
11117,0,1024,20,0,0,0,0,"委托:狩猎森灵"
11118,0,1014,30,0,0,0,0,"委托:狩猎蘑菇"
11119,0,1048,20,0,0,0,0,"委托:消灭害虫"
11120,0,1055,20,0,0,0,0,"委托:狩猎摩卡"
11121,0,1005,20,0,0,0,0,"委托:狩猎吸血蝙蝠"
11122,0,1019,30,0,0,0,0,"委托:搜集羽毛"
11123,0,1077,30,0,0,0,0,"委托:搜集毒蘑菇孢子"
11124,86400,0,0,0,0,0,0,"委托:狩猎蜂兵 - 完成"
11125,86400,0,0,0,0,0,0,"委托:狩猎秃鹰 - 完成"
11126,86400,0,0,0,0,0,0,"委托:蝗虫后腿 - 完成"
11127,86400,0,0,0,0,0,0,"委托:狩猎森灵 - 完成"
11128,86400,0,0,0,0,0,0,"委托:狩猎蘑菇 - 完成"
11129,86400,0,0,0,0,0,0,"委托:消灭害虫 - 完成"
11130,86400,0,0,0,0,0,0,"委托:狩猎摩卡 - 完成"
11131,86400,0,0,0,0,0,0,"委托:狩猎吸血蝙蝠 - 完成"
11132,86400,0,0,0,0,0,0,"委托:搜集羽毛 - 完成"
11133,86400,0,0,0,0,0,0,"委托:搜集毒蘑菇孢子 - 完成"
11134,0,0,10,0,0,0,0,"血魔王扫荡作战" // TODO: 缺少魔物ID
11135,0,0,0,0,0,0,0,"寻找宫廷乐师宋"
11136,0,0,0,0,0,0,0,"寻找宫廷乐师宋"
11137,0,0,0,0,0,0,0,"寻找宫廷乐师宋"
11138,0,0,0,0,0,0,0,"寻找宫廷乐师宋"
11139,0,0,0,0,0,0,0,"寻找宫廷乐师宋"
11140,0,0,0,0,0,0,0,"天空, 飞艇和眩晕"
11141,0,0,0,0,0,0,0,"见人和了解传闻应该去酒店"
11142,0,0,0,0,0,0,0,"恐怖的重金属音乐"
11143,0,0,0,0,0,0,0,"死亡之塔"
11144,0,0,0,0,0,0,0,"朱诺支部长: 金喀嚓"
11145,0,1622,33,0,0,0,0,"想要小熊玩偶"
11146,0,0,0,0,0,0,0,"到冰封洞穴去...."
11147,0,0,0,0,0,0,0,"拉雷德的露水"
11148,0,0,0,0,0,0,0,"拿起桨, 去克魔岛"
11149,0,0,0,0,0,0,0,"让我们荡起双桨...."
11150,0,0,0,0,0,0,0,"寻找宫廷乐师宋"
11151,0,0,0,0,0,0,0,"寻找宫廷乐师宋"
11152,0,0,0,0,0,0,0,"我想去安静的地方...."
11153,0,0,0,0,0,0,0,"我想看钟楼"
11154,0,0,0,0,0,0,0,"会记住的, 你和我的记忆...."
11155,0,0,0,0,0,0,0,"疑问的决斗家"
11156,0,1106,100,0,0,0,0,"讨厌的作业"
11157,0,0,0,0,0,0,0,"爱尔迈斯峡谷 - 深渊之谷"
11158,0,0,0,0,0,0,0,"修罗之路"
11159,0,0,0,0,0,0,0,"布莱恩的叙述"
11160,0,0,0,0,0,0,0,"约翰的叙述"
11161,0,0,0,0,0,0,0,"泰勒的叙述"
11162,0,0,0,0,0,0,0,"罗兹的叙述"
11163,0,0,0,0,0,0,0,"贝恩的叙述"
11164,0,0,0,0,0,0,0,"莱西的叙述"
11165,0,0,0,0,0,0,0,"转告布莱恩"
11166,0,0,0,0,0,0,0,"转告约翰"
11167,0,0,0,0,0,0,0,"转告泰勒"
11168,0,0,0,0,0,0,0,"转告罗兹"
11169,0,0,0,0,0,0,0,"转告贝恩"
11170,0,0,0,0,0,0,0,"转告莱西"
11171,0,0,0,0,0,0,0,"费雷德的委托"
11172,0,0,0,0,0,0,0,"费雷德的委托"
11173,0,0,0,0,0,0,0,"费雷德的委托"
11174,0,0,0,0,0,0,0,"物资不足"
11175,7200,0,0,0,0,0,0,"物资不足"
11176,0,0,0,0,0,0,0,"为了朋友们"
//
11182,0,0,0,0,0,0,0,"德欧雷的报告书"
11183,0,0,0,0,0,0,0,"德欧雷的委托"
11184,0,0,0,0,0,0,0,"逃走的精灵"
11185,0,0,0,0,0,0,0,"精灵袋子"
11186,0,0,0,0,0,0,0,"精灵袋子"
11187,0,0,0,0,0,0,0,"精灵袋子"
11188,0,0,0,0,0,0,0,"精灵袋子"
11189,0,0,0,0,0,0,0,"彩虹桥"
11190,0,0,0,0,0,0,0,"彩虹桥"
11191,0,0,0,0,0,0,0,"彩虹桥的裂缝"
11192,0,0,0,0,0,0,0,"朝穆拉村..."
11193,0,0,0,0,0,0,0,"库斯米的朋友"
11194,0,0,0,0,0,0,0,"精灵袋子"
11195,0,0,0,0,0,0,0,"彩虹桥"
11196,0,0,0,0,0,0,0,"彩虹桥"
11197,0,0,0,0,0,0,0,"彩虹桥的裂缝"
11198,0,0,0,0,0,0,0,"朝穆拉村..."
11199,0,0,0,0,0,0,0,"德欧特的朋友"
11200,0,0,0,0,0,0,0,"精灵袋子"
11201,0,0,0,0,0,0,0,"彩虹桥"
11202,0,0,0,0,0,0,0,"彩虹桥"
11203,0,0,0,0,0,0,0,"彩虹桥的裂缝"
11204,0,0,0,0,0,0,0,"朝穆拉村..."
11205,0,0,0,0,0,0,0,"帕丘的朋友"
11206,0,0,0,0,0,0,0,"快速送达尤耐斯"
11207,0,0,0,0,0,0,0,"沉重的行李"
11208,0,0,0,0,0,0,0,"妲伏蕾美"
11209,0,0,0,0,0,0,0,"汤玛斯的苦衷"
11210,0,0,0,0,0,0,0,"喵喵岛定期集会"
11211,0,0,0,0,0,0,0,"喵喵岛定期集会"
11212,0,0,0,0,0,0,0,"喵喵岛定期集会"
11213,0,0,0,0,0,0,0,"喵喵岛定期集会"
11214,0,0,0,0,0,0,0,"喵喵岛定期集会"
11215,0,0,0,0,0,0,0,"喵喵岛定期集会"
11216,0,0,0,0,0,0,0,"天地树果实"
11217,0,0,0,0,0,0,0,"天地树果实"
11218,0,0,0,0,0,0,0,"天地树果实"
11219,0,0,0,0,0,0,0,"天地树果实"
11220,0,0,0,0,0,0,0,"天地树果实"
11221,0,0,0,0,0,0,0,"世界上最Q弹的"
11222,0,0,0,0,0,0,0,"世界上最Q弹的"
11223,0,0,0,0,0,0,0,"世界上最Q弹的"
11224,0,0,0,0,0,0,0,"世界上最Q弹的"
11225,0,0,0,0,0,0,0,"唯一的努力之道"
11226,0,0,0,0,0,0,0,"唯一的努力之道"
11227,0,0,0,0,0,0,0,"唯一的努力之道"
11228,0,0,0,0,0,0,0,"唯一的努力之道"
11229,0,0,0,0,0,0,0,"为了海星娜拉"
11230,0,0,0,0,0,0,0,"为了海星娜拉"
11231,0,0,0,0,0,0,0,"为了海星娜拉"
11232,0,0,0,0,0,0,0,"为了海星娜拉"
11233,0,0,0,0,0,0,0,"为了海星娜拉"
11234,0,0,0,0,0,0,0,"为了海星娜拉"
11235,0,0,0,0,0,0,0,"为了海星娜拉"
11236,0,0,0,0,0,0,0,"交集"
11237,0,0,0,0,0,0,0,"汤玛斯的苦衷"
11238,0,0,0,0,0,0,0,"天地树果实"
11239,86400,0,0,0,0,0,0,"天地树果实"
11240,0,0,0,0,0,0,0,"世界上最Q弹的"
11241,0,0,0,0,0,0,0,"世界上最Q弹的"
11242,0,0,0,0,0,0,0,"世界上最Q弹的"
11243,86400,0,0,0,0,0,0,"世界上最Q弹的"
11244,0,0,0,0,0,0,0,"Q弹的果冻"
11245,86400,0,0,0,0,0,0,"Q弹的果冻"
//
11338,0,0,0,0,0,0,0,"与史必奴对话"
11339,0,1002,10,0,0,0,0,"在新手世界里最好吃的"
11340,0,1063,10,0,0,0,0,"初学者_红萝卜好好吃"
11341,0,1007,10,0,0,0,0,"初学者_绿棉虫布料"
11342,0,1004,10,0,0,0,0,"初学者_冲啊~"
11343,0,0,0,0,0,0,0,"与爱丽丝对话"
11344,0,0,0,0,0,0,0,"初学者_防护罩!!"
11345,0,0,0,0,0,0,0,"与爱丽丝对话"
11346,0,0,20,0,20,0,0,"服事_潮湿的生物(LV.13)" // todo 缺少魔物ID
11347,0,0,30,0,0,0,0,"服事_软软的骨头(LV.18)" // todo 缺少魔物ID
11348,0,0,30,0,0,0,0,"服事_坚硬的骨头(LV.23)" // todo 缺少魔物ID
//
12000,0,0,0,0,0,0,0,"朋友:不协和音"
12001,0,0,0,0,0,0,0,"朋友:相近却又相远..."
12002,0,0,0,0,0,0,0,"朋友:友情之讯息"
12003,0,0,0,0,0,0,0,"朋友:第三个朋友"
12004,0,0,0,0,0,0,0,"朋友:日记本"
12005,0,0,0,0,0,0,0,"朋友:内心"
12006,0,0,0,0,0,0,0,"朋友:永远的秘密"
12007,0,0,0,0,0,0,0,"提供武器-1"
12008,0,0,0,0,0,0,0,"提供武器-2"
12009,0,0,0,0,0,0,0,"提供武器-失败"
12010,0,0,0,0,0,0,0,"提供武器-3"
12011,0,0,0,0,0,0,0,"提供武器-4"
12012,0,0,0,0,0,0,0,"提供武器-5"
12013,0,0,0,0,0,0,0,"提供武器-6"
12014,0,0,0,0,0,0,0,"潜入活体研究所"
12015,0,0,0,0,0,0,0,"总统 - 1"
12016,0,0,0,0,0,0,0,"总统 - 2"
12017,0,0,0,0,0,0,0,"总统 - 3"
12018,0,0,0,0,0,0,0,"总统 - 4"
12019,0,0,0,0,0,0,0,"总统 - 5"
12020,0,0,0,0,0,0,0,"总统 - 6"
12021,0,0,0,0,0,0,0,"总统 - 7"
12022,0,0,0,0,0,0,0,"总统 - 8"
12023,0,0,0,0,0,0,0,"总统 - 9"
12024,0,0,0,0,0,0,0,"总统 - 10"
12025,0,0,0,0,0,0,0,"总统 - 11"
12026,0,0,0,0,0,0,0,"总统 - 12"
12027,0,0,0,0,0,0,0,"总统 - 13"
12028,0,0,0,0,0,0,0,"总统 - 14"
12029,0,0,0,0,0,0,0,"订婚戒指 - 1"
12030,0,0,0,0,0,0,0,"订婚戒指 - 2"
12031,0,0,0,0,0,0,0,"订婚戒指 - 3"
12032,0,0,0,0,0,0,0,"订婚戒指 - 4"
12033,0,0,0,0,0,0,0,"订婚戒指 - 5"
12034,0,0,0,0,0,0,0,"订婚戒指 - 6"
12035,0,0,0,0,0,0,0,"嘶鸣虎"
12036,0,0,0,0,0,0,0,"嘶鸣虎"
12037,0,0,0,0,0,0,0,"嘶鸣虎"
12038,0,0,0,0,0,0,0,"嘶鸣虎"
12039,0,0,0,0,0,0,0,"嘶鸣虎"
12040,0,0,0,0,0,0,0,"挤牛奶 1"
12041,0,0,0,0,0,0,0,"挤牛奶 2"
12042,0,0,0,0,0,0,0,"挤牛奶 3"
12043,0,0,0,0,0,0,0,"挤牛奶 4"
12044,0,0,0,0,0,0,0,"哄孩子 1"
12045,0,0,0,0,0,0,0,"哄孩子 2"
12046,0,0,0,0,0,0,0,"哄孩子 3"
12047,0,0,0,0,0,0,0,"哄孩子 4"
12048,0,0,0,0,0,0,0,"哄孩子 5"
12049,0,0,0,0,0,0,0,"流氓职业任务 1"
12050,0,0,0,0,0,0,0,"流氓职业任务 2"
12051,0,0,0,0,0,0,0,"流氓职业任务 3"
12052,0,0,0,0,0,0,0,"流氓职业任务 4"
12053,0,0,0,0,0,0,0,"流氓职业任务 5"
12054,0,0,0,0,0,0,0,"流氓职业任务 6"
12055,0,0,0,0,0,0,0,"刺客职业任务"
12056,0,0,0,0,0,0,0,"刺客职业任务"
12057,0,0,0,0,0,0,0,"研究所出入卡"
12058,604800,0,0,0,0,0,0,"无尽之塔出入限制"
12059,7200,0,0,0,0,0,0,"兽人的记忆出入限制"
12060,86400,0,0,0,0,0,0,"今天的钓鱼结束"
12061,0,0,0,0,0,0,0,"集中精神"
12062,86400,0,0,0,0,0,0,"今天的采矿结束"
12070,0,0,0,0,0,0,0,"限制的出入时间"
12071,0,0,0,0,0,0,0,"限制的出入时间"
12072,0,1034,20,0,0,0,0,"狩猎突变蛙"
12073,0,1248,15,0,0,0,0,"狩猎玩具士兵"
12074,0,1070,30,0,0,0,0,"狩猎库克雷"
12075,0,1686,15,0,0,0,0,"狩猎兽人婴儿"
12076,0,1023,20,0,0,0,0,"狩猎兽人战士"
12077,0,1066,15,0,0,0,0,"狩猎螃蟹"
12078,0,1064,30,0,0,0,0,"狩猎邪骸食人鱼"
12079,0,1144,15,0,0,0,0,"狩猎乌贼"
12080,0,1067,20,0,0,0,0,"狩猎卡那多斯"
12081,0,1151,15,0,0,0,0,"狩猎麦斯特"
12082,0,1074,30,0,0,0,0,"狩猎贝壳魔灵"
12083,0,1142,15,0,0,0,0,"狩猎气泡虫"
12084,0,1158,20,0,0,0,0,"狩猎剑鱼"
12085,0,1152,15,0,0,0,0,"狩猎邪骸兽人"
12086,0,1177,30,0,0,0,0,"狩猎兹诺克"
12087,0,1041,15,0,0,0,0,"狩猎木乃伊"
12088,0,0,0,0,0,0,0,"任务执行中"
//
12090,0,0,0,0,0,0,0,"奇怪的男子"
12091,0,0,0,0,0,0,0,"搜集燃烧的心脏"
12092,0,0,0,0,0,0,0,"继续的故事"
12093,0,0,0,0,0,0,0,"情报员留给廖达的记录"
12094,0,0,0,0,0,0,0,"损坏的盾牌的文字"
//
12096,0,0,0,0,0,0,0,"寻找卡拉卡斯"
12097,0,0,0,0,0,0,0,"基本准备"
12098,0,0,0,0,0,0,0,"4处迷宫"
12099,0,2014,10,0,0,0,0,"釜底抽薪"
12100,0,1994,12,0,0,0,0,"可怕的飞虫"
12101,0,2013,5,0,0,0,0,"妨碍工作"
12102,0,1993,10,0,0,0,0,"聪慧的蛇"
12103,0,1992,1,0,0,0,0,"神话中的动物"
12104,0,1987,15,0,0,0,0,"胃口相当好的昆虫"
12105,0,2024,10,0,0,0,0,"会活动的岩石"
12106,0,1995,15,0,0,0,0,"花尖上的小孩"
12107,0,2015,10,0,0,0,0,"扭曲的纯情"
12108,0,1988,12,0,0,0,0,"危险的坟墓旷地"
12109,0,1999,14,0,0,0,0,"驱除幼虫"
12110,0,2016,7,0,0,0,0,"水之恶灵"
12111,0,1986,10,0,0,0,0,"脸型怪异的熊"
12117,0,0,0,0,0,0,0,"凋谢的花"
12118,0,0,0,0,0,0,0,"令人惊奇的矿石"
12119,0,0,0,0,0,0,0,"珍贵的纤维"
12120,0,0,0,0,0,0,0,"奇怪的肉块"
12121,0,0,0,0,0,0,0,"除雪工作的工具"
12122,0,0,0,0,0,0,0,"顶级的冷却材料"
12123,0,0,0,0,0,0,0,"精致的涂料"
12124,0,0,0,0,0,0,0,"珍贵的贵重物品"
12125,0,0,0,0,0,0,0,"保护区的材料"
12126,0,0,0,0,0,0,0,"高级保护区的材料"
12127,0,0,0,0,0,0,0,"监工的工具"
12128,0,0,0,0,0,0,0,"为供暖做准备"
12129,0,0,0,0,0,0,0,"奇怪的食物"
12130,0,0,0,0,0,0,0,"有用的材料"
12131,0,0,0,0,0,0,0,"建筑的必需材料"
12132,0,0,0,0,0,0,0,"建筑的必需材料2"
12133,0,0,0,0,0,0,0,"饰品的制作"
12134,0,0,0,0,0,0,0,"急需一次性碟子"
12135,0,0,0,0,0,0,0,"不够的治疗用药"
12136,0,0,0,0,0,0,0,"偷蜂蜜的贼"
12137,0,0,0,0,0,0,0,"用于实验的工具"
12138,0,0,0,0,0,0,0,"好礼物的典范"
12139,0,0,0,0,0,0,0,"尊重别人的爱好！"
12140,0,0,0,0,0,0,0,"对常客的礼遇"
12141,0,0,0,0,0,0,0,"这可是个好东西"
12142,0,0,0,0,0,0,0,"危险的委托"
12143,0,0,0,0,0,0,0,"奇怪的流行"
12144,0,0,0,0,0,0,0,"无法得知的用途"
12145,0,0,0,0,0,0,0,"异界之料理"
12146,0,0,0,0,0,0,0,"填补空缺"
12147,0,0,0,0,0,0,0,"胶水的材料"
12148,0,0,0,0,0,0,0,"捕猎哒哒乔的材料"
12149,0,0,0,0,0,0,0,"练习刀艺"
12150,0,0,0,0,0,0,0,"鲜红的漂亮蔬菜"
12151,0,0,0,0,0,0,0,"酒店主人的执念"
12152,0,0,0,0,0,0,0,"故乡的味道"
12153,0,0,0,0,0,0,0,"烤制后非常危险的植物"
12154,0,0,0,0,0,0,0,"意想不到的平凡？"
12155,0,0,0,0,0,0,0,"满怀心意的礼物"
12156,0,0,0,0,0,0,0,"尊重别人的爱好！-2"
12157,0,0,0,0,0,0,0,"酒店主人的决心"
12158,0,0,0,0,0,0,0,"酒店主人的愤怒"
12159,86400,0,0,0,0,0,0,"拉风特的委托记录"
12160,86400,0,0,0,0,0,0,"加利福的委托记录"
12161,86400,0,0,0,0,0,0,"皮拉的委托记录"
12162,86400,0,0,0,0,0,0,"特拉格斯的委托记录"
12163,86400,0,0,0,0,0,0,"卡里翁的委托记录"
12164,86400,0,0,0,0,0,0,"冒顿卡的委托记录"
12165,21600,0,0,0,0,0,0,"眩晕症"
12166,0,0,0,0,0,0,0,"有关树根的文件"
12167,0,0,0,0,0,0,0,"有关爬虫类的舌头的文件"
12168,0,0,0,0,0,0,0,"有关蝎子的尾巴的文件"
12169,0,0,0,0,0,0,0,"有关植物的枝干的文件"
12170,0,0,0,0,0,0,0,"有关鳞片枝干的文件"
12171,0,0,0,0,0,0,0,"有关古树汁液的文件"
12172,0,0,0,0,0,0,0,"有关青蛙卵的文件"
12173,0,0,0,0,0,0,0,"有关杰勒比结晶的文件"
12174,0,0,0,0,0,0,0,"有关鱼尾巴的文件"
12175,0,0,0,0,0,0,0,"有关昆虫壳的文件"
12176,0,0,0,0,0,0,0,"有关带刺的鱼鳃的文件"
12177,0,0,0,0,0,0,0,"有关蝙蝠的牙齿的文件"
12178,0,0,0,0,0,0,0,"有关绒毛的文件"
12179,0,0,0,0,0,0,0,"有关蚕蛹壳的文件"
12180,0,0,0,0,0,0,0,"有关鸟的羽毛的文件"
12181,0,0,0,0,0,0,0,"有关鸟的爪子的文件"
12182,0,0,0,0,0,0,0,"有关坚韧的脚蹼的文件"
12183,0,0,0,0,0,0,0,"有关动物皮毛的文件"
12184,0,0,0,0,0,0,0,"有关狼的爪子的文件"
12185,0,0,0,0,0,0,0,"有关蘑菇芽孢的文件"
12186,0,0,0,0,0,0,0,"有关兽人的犬齿的文件"
12187,0,0,0,0,0,0,0,"有关恶魔角的文件"
12188,0,0,0,0,0,0,0,"有关蝴蝶翅膀鳞粉的文件"
12189,0,0,0,0,0,0,0,"有关鸟嘴的文件"
12190,0,0,0,0,0,0,0,"有关蛇的鳞片的文件"
12191,0,0,0,0,0,0,0,"有关昆虫的触须的文件"
12192,0,0,0,0,0,0,0,"有关永不停歇的心脏的文件"
12193,0,0,0,0,0,0,0,"有关腐烂的绷带的文件"
12194,0,0,0,0,0,0,0,"有关亡灵的爪子的文件"
12195,0,0,0,0,0,0,0,"有关亡灵的牙齿的文件"
12196,0,0,0,0,0,0,0,"有关触手的文件"
12197,0,0,0,0,0,0,0,"有关坚硬外壳的文件"
12198,0,0,0,0,0,0,0,"有关鳞片皮肤的文件"
12199,0,0,0,0,0,0,0,"有关毒牙的文件"
12200,0,0,0,0,0,0,0,"有关粘稠的液体的文件"
12201,0,0,0,0,0,0,0,"有关黄蜂毒针的文件"
12202,0,0,0,0,0,0,0,"有关蝗虫后腿的文件"
12203,0,0,0,0,0,0,0,"有关蜂王浆的文件"
12204,0,0,0,0,0,0,0,"有关猴子尾巴的文件"
12205,0,0,0,0,0,0,0,"有关异常坚硬的外壳的文件"
12206,0,0,0,0,0,0,0,"有关香甜红薯的文件"
12207,0,0,0,0,0,0,0,"有关狸猫的树叶的文件"
12208,0,0,0,0,0,0,0,"有关蜗牛壳的文件"
12209,0,0,0,0,0,0,0,"有关坚硬的角的文"
12210,0,0,0,0,0,0,0,"有关熊掌的文件"
12211,0,0,0,0,0,0,0,"有关柔软的毛的文件"
12212,0,0,0,0,0,0,0,"有关红色药草的文件"
12213,0,0,0,0,0,0,0,"有关胡萝卜的文件"
12214,0,0,0,0,0,0,0,"有关仙人掌的刺的文件"
12215,0,0,0,0,0,0,0,"有关石头心脏的文件"
12216,21600,0,0,0,0,0,0,"超级生气的嘉风"
12217,0,0,0,0,0,0,0,"委托 - 讨伐野猪的踪迹"
12218,0,0,0,0,0,0,0,"熔岩精髓的制造方法"
12219,0,0,0,0,0,0,0,"火焰精髓的制造方法"
12220,0,0,0,0,0,0,0,"冰河精髓的制造方法"
12221,0,0,0,0,0,0,0,"化石精髓的制造方法"
12222,0,0,0,0,0,0,0,"暴风精髓的制造方法"
12223,0,0,0,0,0,0,0,"违法行商"
//
12225,0,2132,3,0,0,0,0,"背着水果的虫"
12226,0,2133,4,0,0,0,0,"像花的猎人"
12227,0,2134,5,0,0,0,0,"小鬼小雀很难缠.."
12228,0,2136,6,0,0,0,0,"无法理解的仇恨"
12229,0,2137,7,0,0,0,0,"金毛怪"
12230,86400,0,0,0,0,0,0,"哈查的委托"
12231,0,0,0,0,0,0,0,"防腐剂的材料"
12232,0,0,0,0,0,0,0,"抵抗的象征"
12233,0,0,0,0,0,0,0,"急救组的材料"
12234,0,0,0,0,0,0,0,"勇猛的象征"
12235,0,0,0,0,0,0,0,"对精气很好的..."
12236,0,0,0,0,0,0,0,"符咒的最新流行"
12237,0,0,0,0,0,0,0,"贵重物品小心轻放"
12238,0,0,0,0,0,0,0,"护膝带的材料"
12239,0,0,0,0,0,0,0,"以毒攻毒..."
12240,0,0,0,0,0,0,0,"不能滑倒"
12241,86400,0,0,0,0,0,0,"巴沃尔沃的委托"
12242,86400,0,0,0,0,0,0,"沃夫格拉的委托"
12243,0,0,0,0,0,0,0,"失踪者达查勒的相关情报"
12244,0,0,0,0,0,0,0,"失踪者纳伊查的相关情报"
12245,0,0,0,0,0,0,0,"失踪者梅斯的相关情报"
12246,0,0,0,0,0,0,0,"失踪者诺瓦讷伊的相关情报"
12247,0,0,0,0,0,0,0,"失踪者绒绒的相关情报"
12248,0,0,0,0,0,0,0,"失踪者梦特的相关情报"
12249,0,0,0,0,0,0,0,"失踪者马伊比德的相关情报"
12250,0,0,0,0,0,0,0,"失踪者昆蒙的相关情报"
12251,0,0,0,0,0,0,0,"失踪者查伊豪金的相关情报"
12252,0,0,0,0,0,0,0,"失踪者德尔的相关情报"
12253,86400,0,0,0,0,0,0,"搜查失踪者结束"
12254,3600,0,0,0,0,0,0,"清扫中"
12255,0,2176,20,0,0,0,0,"消灭深海大蟹"
12256,0,2175,20,0,0,0,0,"消灭深海鱿鱼"
12257,0,2174,20,0,0,0,0,"消灭远古甲壳类"
12258,0,2178,20,0,0,0,0,"消灭深海贝壳"
12259,0,2179,20,0,0,0,0,"消灭远古库克雷"
12260,0,2177,20,0,0,0,0,"消灭深海海螺"
12261,0,2182,30,0,0,0,0,"消灭远古海马"
12262,0,2181,30,0,0,0,0,"消灭远古异变鱼"
12263,0,2180,30,0,0,0,0,"消灭远古海神"
12264,0,2183,30,0,0,0,0,"消灭变种虎蜥人"
12265,0,2184,30,0,0,0,0,"消灭深海人鱼"
12266,0,2185,30,0,0,0,0,"消灭变形钓鱼河童"
12267,0,2188,1,0,0,0,0,"消灭古怪腔棘鱼"
12268,0,2187,1,0,0,0,0,"消灭黑暗腔棘鱼"
12269,0,2190,1,0,0,0,0,"消灭暴力腔棘鱼"
12270,0,2189,1,0,0,0,0,"消灭变种腔棘鱼"
12271,86400,0,0,0,0,0,0,"排水沟一般模式每日任务执行中"
12272,86400,0,0,0,0,0,0,"排水沟困难模式每日任务执行中"
12273,604800,0,0,0,0,0,0,"排水沟一般模式周间任务执行中"
12274,604800,0,0,0,0,0,0,"排水沟困难模式周间任务执行中"
12275,0,0,0,0,0,0,0,"玄妙的通缉令"
12276,0,0,0,0,0,0,0,"我们的自动贩卖机坏掉了"
12277,0,0,0,0,0,0,0,"通缉令，给……给您送上"
12278,0,0,0,0,0,0,0,"Towards Bakonawa Lake..."
12279,0,0,0,0,0,0,0,"Get Rid of Bakonawa"
//
12302,0,0,0,0,0,0,0,"哈米德"
12303,0,0,0,0,0,0,0,"商人志愿者"
12304,0,0,0,0,0,0,0,"商人学概论"
12305,0,0,0,0,0,0,0,"关于能力值"
12306,0,0,0,0,0,0,0,"低价买进体验"
12307,0,0,0,0,0,0,0,"商人之路"
12308,0,1024,20,0,0,0,0,"消灭森灵"
12309,0,1025,20,0,0,0,0,"消灭青蛇"
12310,0,1014,20,0,0,0,0,"消灭魔菇"
12311,0,1071,20,0,0,0,0,"消灭鬼水手骷髅"
12312,0,0,0,0,0,0,0,"加强理论教学"
12313,0,0,0,0,0,0,0,"关于素质"
12314,0,0,0,0,0,0,0,"关于技能"
//
13000,0,0,0,0,0,0,0,"收集RWC2011卡片"
13001,86400,0,0,0,0,0,0,"收集RWC2011卡片-等候"
//
13101,0,0,0,0,0,0,0,"跆拳之路"
13102,0,0,0,0,0,0,0,"回旋踢"
13103,0,1010,10,0,0,0,0,"消灭树精"
13104,0,1014,10,0,0,0,0,"消灭魔菇"
13105,0,1015,10,0,0,0,0,"消灭腐尸"
13106,0,1076,10,0,0,0,0,"消灭邪骸战士"
//
14142,0,0,0,0,0,0,0,"前往弓箭手村"
14143,0,0,0,0,0,0,0,"弓箭手转职申请"
14144,0,0,0,0,0,0,0,"重考-素质"
14145,0,0,0,0,0,0,0,"听取技能说明"
14146,0,0,0,0,0,0,0,"打怪训练"
14147,0,0,0,0,0,0,0,"重考-技能"
14148,0,0,0,0,0,0,0,"下一个阶段"
14149,0,0,0,0,0,0,0,"听取二转职业说明"
14150,0,0,0,0,0,0,0,"下一个阶段"
14151,0,1014,10,0,0,0,0,"打怪训练-魔菇"
14152,0,1018,10,0,0,0,0,"打怪训练-克瑞米"
14153,0,1076,10,0,0,0,0,"打怪训练-邪骸战士"
14154,0,0,0,0,0,0,0,"香拌药草"
14155,0,0,0,0,0,0,0,"清脆色拉"
14156,0,0,0,0,0,0,0,"综合火锅"
14157,0,0,0,0,0,0,0,"黄金烤苹果"
14158,0,0,0,0,0,0,0,"赠送弓箭手入门手册"
14159,0,0,0,0,0,0,0,"见到广宣人员了"
14160,0,0,0,0,0,0,0,"见到广宣人员了"
14161,0,0,0,0,0,0,0,"素质考试"
14162,0,0,0,0,0,0,0,"技能考试"
14163,0,0,0,0,0,0,0,"抓到魔菇了"
14164,0,0,0,0,0,0,0,"抓到克瑞米了"
14165,0,0,0,0,0,0,0,"抓到邪骸战士了"
//
15000,0,0,0,0,0,0,0,"体验异常状态"
15001,20,0,0,0,0,0,0,"憋气20秒"
//
16000,0,0,0,0,0,0,0,"Metz Brayde's Notice"
16001,0,0,0,0,0,0,0,"First examination"
16002,0,0,0,0,0,0,0,"Fetching Items for Arian -1"
16003,0,0,0,0,0,0,0,"Fetching Items for Arian -2"
16004,0,0,0,0,0,0,0,"Fetching Items for Arian -3"
16005,0,0,0,0,0,0,0,"Fetching Items for Arian -4"
16006,0,0,0,0,0,0,0,"Fetching Items for Arian -5"
16007,0,0,0,0,0,0,0,"Fetching Items for Arian -6"
16008,0,0,0,0,0,0,0,"Quiz time!"
16009,0,0,0,0,0,0,0,"Quiz time!"
16010,0,0,0,0,0,0,0,"Daewoon's Test"
16011,0,0,0,0,0,0,0,"Sir Jore's Test"
16012,0,0,0,0,0,0,0,"Sir Jore's Materials"
16013,0,0,0,0,0,0,0,"The Stone of Sage"
16014,0,0,0,0,0,0,0,"The Stone of Sage"
16015,0,0,0,0,0,0,0,"Lady Jesqurienne"
16016,0,0,0,0,0,0,0,"Jesquerinne's Quiz Challenge"
16017,0,0,0,0,0,0,0,"Failed Quiz Challenge"
16018,0,0,0,0,0,0,0,"Quiz Challenge Triumph"
16019,0,0,0,0,0,0,0,"Search for Dearles"
16020,0,0,0,0,0,0,0,"Dearles' Test"
16021,0,0,0,0,0,0,0,"Test of Appreciation"
16022,0,0,0,0,0,0,0,"Dearles' Test Part Two"
16023,0,0,0,0,0,0,0,"Rhythm Test Passed"
16024,0,0,0,0,0,0,0,"Find Bakerlan"
16025,0,0,0,0,0,0,0,"Bakerlan's delivery"
16026,0,0,0,0,0,0,0,"Mahatra's delivery"
16027,0,0,0,0,0,0,0,"Bakerlan's Receipt"
16028,0,0,0,0,0,0,0,"Find Seylin"
16029,0,0,0,0,0,0,0,"Vigorgra Medicine"
16030,0,0,0,0,0,0,0,"Vigorgra Ingredients"
16031,0,0,0,0,0,0,0,"Vigorgra Ingredients"
16032,0,0,0,0,0,0,0,"Seylin's Request"
16033,0,0,0,0,0,0,0,"Back to Seylin"
16034,0,0,0,0,0,0,0,"Back to Mahatra"
16035,0,0,0,0,0,0,0,"Report to Bakerlan"
16036,0,0,0,0,0,0,0,"The last Crumb"
16037,0,0,0,0,0,0,0,"Finding Engel Howard"
16038,0,0,0,0,0,0,0,"Liana's Letter"
16039,0,0,0,0,0,0,0,"Combining the Starlight"
16040,0,0,0,0,0,0,0,"Letter to Engel's Family"
16041,0,0,0,0,0,0,0,"Talk to Liana"
16042,0,0,0,0,0,0,0,"Sobbing Starlight Progress"
16043,0,0,0,0,0,0,0,"Restored Sobbing Starlight"
16044,0,0,0,0,0,0,0,"Combining the Starlight"
16045,0,0,0,0,0,0,0,"Starlight message"
16046,0,0,0,0,0,0,0,"The man in Umbala"
16047,0,0,0,0,0,0,0,"Into the Tree"
16048,0,0,0,0,0,0,0,"Ancient Papers"
16049,0,0,0,0,0,0,0,"Record of Ancient Language"
16050,0,0,0,0,0,0,0,"The Fastidious Old Man"
16051,0,0,0,0,0,0,0,"Blurry Vision"
16052,0,0,0,0,0,0,0,"Translating the Document"
16053,0,0,0,0,0,0,0,"Translated Ancient Language"
16054,0,0,0,0,0,0,0,"Where the rejected live"
16055,0,0,0,0,0,0,0,"Misfortunate of Niflheim"
16056,0,0,0,0,0,0,0,"Removed Curse"
16057,0,0,0,0,0,0,0,"Meeting the witch"
16058,0,0,0,0,0,0,0,"Wing Of Crow"
16059,0,0,0,0,0,0,0,"Wing Of Crow"
16060,0,0,0,0,0,0,0,"Misfortunate of Niflheim"
16061,0,0,0,0,0,0,0,"Bard in Niflheim"
16062,0,0,0,0,0,0,0,"Gen of Niflheim"
16063,0,0,0,0,0,0,0,"The Witch's Aid"
16064,0,0,0,0,0,0,0,"Misfortunate of Niflheim"
16065,0,0,0,0,0,0,0,"The Queen's Symbol"
16066,0,0,0,0,0,0,0,"Knowledge of the Symbol"
16067,0,0,0,0,0,0,0,"Knowledge of Asgard"
16068,0,0,0,0,0,0,0,"Finding the Soul Pieces"
16069,0,0,0,0,0,0,0,"Finding the Soul Pieces"
16070,0,0,0,0,0,0,0,"Finding the Soul Pieces"
16071,0,0,0,0,0,0,0,"Finding the Soul Pieces"
16072,0,0,0,0,0,0,0,"Finding the Soul Pieces"
16073,0,0,0,0,0,0,0,"Agrboda's Soul"
16074,0,0,0,0,0,0,0,"Symbol of the Nine Realms"
16075,0,0,0,0,0,0,0,"Serin's Ambitions"
16076,0,0,0,0,0,0,0,"Witch's Tonic"
16077,0,0,0,0,0,0,0,"Serin's Release"
16078,0,0,0,0,0,0,0,"Visit with Lady Hell"
16079,0,0,0,0,0,0,0,"The Sign"
16080,0,0,0,0,0,0,0,"Dark Lord's return"
16081,0,0,0,0,0,0,0,"Serin's Ambitions"
16082,0,0,0,0,0,0,0,"Dark Lord's return"
16083,0,0,0,0,0,0,0,"Serin's Realization"
16084,0,0,0,0,0,0,0,"The Sign"
16085,0,0,0,0,0,0,0,"The Sign"
16086,0,0,0,0,0,0,0,"The Sign"
16087,0,0,0,0,0,0,0,"The Sign"
16101,0,0,0,0,0,0,0,"Kiel Hyre Academy"
16102,0,0,0,0,0,0,0,"Kiel Hyre Academy"
16103,0,0,0,0,0,0,0,"Kiel Hyre Academy"
16104,0,0,0,0,0,0,0,"Kiel Hyre Academy"
16105,0,0,0,0,0,0,0,"Kiel Hyre Academy"
16106,0,0,0,0,0,0,0,"Kiel Hyre Academy"
16107,0,0,0,0,0,0,0,"Kiel Hyre Academy"
16108,0,0,0,0,0,0,0,"Kiel Hyre Academy"
16109,0,0,0,0,0,0,0,"Kiel Hyre Academy"
16110,0,0,0,0,0,0,0,"Kiel Hyre Academy"
16111,0,0,0,0,0,0,0,"Kiel Hyre Academy"
16112,0,0,0,0,0,0,0,"Kiel Hyre Academy"
16113,0,0,0,0,0,0,0,"Kiel Hyre Academy"
16114,0,0,0,0,0,0,0,"Kiel Hyre Academy"
16115,0,0,0,0,0,0,0,"Kiel Hyre Academy"
16116,0,0,0,0,0,0,0,"Kiel Hyre Academy"
16117,0,0,0,0,0,0,0,"Mysterious World Map"
16118,0,0,0,0,0,0,0,"Hidden poem"
16119,0,0,0,0,0,0,0,"Snake swords"
16120,0,0,0,0,0,0,0,"A dream?"
16121,0,0,0,0,0,0,0,"Secret Code?"
16122,0,0,0,0,0,0,0,"Old Copper Key"
16123,0,0,0,0,0,0,0,"Green Keycard"
16124,0,0,0,0,0,0,0,"Steel Box"
16125,0,0,0,0,0,0,0,"Kiel Hyre Academy"
16126,0,0,0,0,0,0,0,"Kiel Hyre Academy"
16127,0,0,0,0,0,0,0,"Kiel Hyre Academy"
16128,0,0,0,0,0,0,0,"Kiel Hyre Academy"
16129,0,0,0,0,0,0,0,"Kiel Hyre Academy"
16130,0,0,0,0,0,0,0,"Kiel Hyre Academy"
16131,0,0,0,0,0,0,0,"Kiel Hyre Academy"
16132,0,0,0,0,0,0,0,"Kiel Hyre Academy"
16133,0,0,0,0,0,0,0,"Kiel Hyre Academy"
16134,0,0,0,0,0,0,0,"Kiel Hyre Academy"
16135,0,0,0,0,0,0,0,"Kiel Hyre Academy"
16136,0,0,0,0,0,0,0,"Kiel Hyre Academy"
16137,0,0,0,0,0,0,0,"Kiel Hyre Academy"
16138,0,0,0,0,0,0,0,"Kiel Hyre Academy"
16139,0,0,0,0,0,0,0,"Kiel Hyre Academy"
16140,0,0,0,0,0,0,0,"Kiel Hyre Academy"
16141,0,0,0,0,0,0,0,"Kiel Hyre Academy"
16142,0,0,0,0,0,0,0,"Kiel Hyre Academy"
16143,0,0,0,0,0,0,0,"Kiel Hyre Academy"
16144,0,0,0,0,0,0,0,"Kiel Hyre Academy"
16145,0,0,0,0,0,0,0,"Kiel Hyre Academy"
16146,0,0,0,0,0,0,0,"Kiel Hyre Academy"
16200,0,0,0,0,0,0,0,"Limberg's Request"
16201,0,0,0,0,0,0,0,"TPS Report"
16202,0,0,0,0,0,0,0,"TPS Report"
16203,0,0,0,0,0,0,0,"TPS Report"
16204,0,0,0,0,0,0,0,"Crack in the Wall"
16205,0,0,0,0,0,0,0,"The Empty Lava Tube"
17000,0,0,0,0,0,0,0,"Meet with Father Bamph"
17001,0,0,0,0,0,0,0,"Meet with Larjes"
17002,0,0,0,0,0,0,0,"Report to Father Bamph"
17003,0,0,0,0,0,0,0,"Travel to Rachel"
17004,0,0,0,0,0,0,0,"Travel to Veins"
17005,0,0,0,0,0,0,0,"Frustrated Magistrate"
17006,0,0,0,0,0,0,0,"Interrogated Smugglers"
17007,0,0,0,0,0,0,0,"Written Orders"
17008,0,0,0,0,0,0,0,"Investigating"
17009,0,0,0,0,0,0,0,"More Investigating"
17010,0,0,0,0,0,0,0,"Further Investigations"
17011,0,0,0,0,0,0,0,"Kurdi's Father"
17012,0,0,0,0,0,0,0,"Karyn's Boat"
17013,0,0,0,0,0,0,0,"To the Island"
17014,0,0,0,0,0,0,0,"Investigating the Island"
17015,0,0,0,0,0,0,0,"The Research Note"
17016,0,0,0,0,0,0,0,"Regicide"
17017,0,0,0,0,0,0,0,"Reporting the King's Death"
//
18001,0,0,0,0,0,0,0,"Delivery for Rooney"
18002,0,0,0,0,0,0,0,"Delivery for Rooney"
18003,0,0,0,0,0,0,0,"Delivery for Rooney"
18004,0,0,0,0,0,0,0,"Lasda's Request"
18005,0,0,0,0,0,0,0,"Jesse's Request"
18006,0,0,0,0,0,0,0,"Sir Krieg's Approval"
18007,0,0,0,0,0,0,0,"Sir Krieg's Trust"
18008,0,0,0,0,0,0,0,"Sir Krieg's Trust"
18009,0,0,0,0,0,0,0,"Into the prison"
18010,0,0,0,0,0,0,0,"Jail Break"
18011,0,0,0,0,0,0,0,"Bodyguard work"
18012,0,0,0,0,0,0,0,"Bodyguard work"
18013,0,0,0,0,0,0,0,"Bodyguard work"
18014,0,0,0,0,0,0,0,"Bodyguard work"
18015,0,0,0,0,0,0,0,"Bodyguard work"
18016,0,0,0,0,0,0,0,"Bodyguard work"
18017,0,0,0,0,0,0,0,"Jail Break"
18018,0,0,0,0,0,0,0,"Jail Break"
18019,0,0,0,0,0,0,0,"Vitre's Songs"
18020,0,0,0,0,0,0,0,"Vitre's Songs"
18021,0,0,0,0,0,0,0,"Vitre's Songs"
18022,0,0,0,0,0,0,0,"Vitre's Songs"
18023,0,0,0,0,0,0,0,"Vitre the Spy"
18030,0,0,0,0,0,0,0,"Gaebolg Family Curse"
18031,0,0,0,0,0,0,0,"Gaebolg Family Curse"
18032,0,0,0,0,0,0,0,"Gaebolg Family Curse"
18033,0,0,0,0,0,0,0,"Gaebolg Family Curse"
18034,0,0,0,0,0,0,0,"Gaebolg Family Curse"
18035,0,0,0,0,0,0,0,"Gaebolg Family Curse"
18036,0,0,0,0,0,0,0,"Gaebolg Family Curse"
18037,0,0,0,0,0,0,0,"Gaebolg Family Curse"
18038,0,0,0,0,0,0,0,"Gaebolg Family Curse"
18039,0,0,0,0,0,0,0,"Gaebolg Family Curse"
18040,0,0,0,0,0,0,0,"Gaebolg Family Curse"
18041,0,0,0,0,0,0,0,"Gaebolg Family Curse"
18042,0,0,0,0,0,0,0,"Gaebolg Family Curse"
18043,0,0,0,0,0,0,0,"Gaebolg Family Curse"
18044,0,0,0,0,0,0,0,"Gaebolg Family Curse"
18045,0,0,0,0,0,0,0,"Gaebolg Family Curse"
18046,0,0,0,0,0,0,0,"Gaebolg Family Curse"
18047,0,0,0,0,0,0,0,"Gaebolg Family Curse"
18048,0,0,0,0,0,0,0,"Gaebolg Family Curse"
18049,0,0,0,0,0,0,0,"Gaebolg Family Curse"
18050,0,0,0,0,0,0,0,"Gaebolg Family Curse"
18051,0,0,0,0,0,0,0,"Gaebolg Family Curse"
18052,0,0,0,0,0,0,0,"Gaebolg Family Curse"
18060,0,0,0,0,0,0,0,"Missing boy Mikhail"
18061,0,0,0,0,0,0,0,"Mikhail's Whereabouts"
18062,0,0,0,0,0,0,0,"Missing boy Mikhail"
18063,0,0,0,0,0,0,0,"The isolated swamp"
18064,0,0,0,0,0,0,0,"Back to the Village"
18065,0,0,0,0,0,0,0,"High-strength Adhesive"
18066,0,0,0,0,0,0,0,"Back to the swamp"
18067,0,0,0,0,0,0,0,"Make the paste"
18068,0,0,0,0,0,0,0,"Fixing the Matrushka"
18069,0,0,0,0,0,0,0,"Report to Gallina"
18070,0,0,0,0,0,0,0,"Banishing Winter"
18071,0,0,0,0,0,0,0,"Making the magic dust"
18072,0,0,0,0,0,0,0,"Making the magic dust"
18073,0,0,0,0,0,0,0,"The Dragon's Lair"
18074,0,0,0,0,0,0,0,"The Magic Gourd Bottle"
18075,0,0,0,0,0,0,0,"Containing People's Speech"
18076,0,0,0,0,0,0,0,"Containing People's Speech"
18077,0,0,0,0,0,0,0,"Csar's Request"
18078,0,0,0,0,0,0,0,"Baba Yaga's Secret Medicine"
18079,0,0,0,0,0,0,0,"Winter is Banished"
18100,0,0,0,0,0,0,0,"Legends from Moscovia"
18101,0,0,0,0,0,0,0,"The Moving Island"
18102,0,0,0,0,0,0,0,"In Search of The Moving Island"
18103,0,0,0,0,0,0,0,"In Search of The Moving Island"
18104,0,0,0,0,0,0,0,"Mr. Ibanoff's New Friend"
18105,0,0,0,0,0,0,0,"Repairing Charabel"
18106,0,0,0,0,0,0,0,"As the Tide Turns"
18107,0,0,0,0,0,0,0,"Departing"
18108,0,0,0,0,0,0,0,"The Moving Island?"
18109,0,0,0,0,0,0,0,"The Moving Island???"
18110,0,0,0,0,0,0,0,"The Aged Stranger"
18111,0,0,0,0,0,0,0,"Whale Island!"
18112,0,0,0,0,0,0,0,"A Story for the Csar"
18113,0,0,0,0,0,0,0,"Evidence for the Csar"
18114,0,0,0,0,0,0,0,"Before Sunset"
18115,0,0,0,0,0,0,0,"Departing"
18116,0,0,0,0,0,0,0,"Whale Island!"
18117,0,0,0,0,0,0,0,"Materials for Evidence"
18118,0,0,0,0,0,0,0,"Mysterious Musical Instrument"
18119,0,0,0,0,0,0,0,"Gusli"
18120,0,0,0,0,0,0,0,"Gusli"
18121,0,0,0,0,0,0,0,"Shafka"
19101,0,0,0,0,0,0,0,"The Eye of Hellion"
19102,0,0,0,0,0,0,0,"The Eye of Hellion"
19103,0,0,0,0,0,0,0,"The Eye of Hellion"
19104,0,0,0,0,0,0,0,"The Eye of Hellion"
19105,0,0,0,0,0,0,0,"The Eye of Hellion"
19106,0,0,0,0,0,0,0,"The Eye of Hellion"
19107,0,0,0,0,0,0,0,"The Eye of Hellion"
19108,0,0,0,0,0,0,0,"The Eye of Hellion"
19109,0,0,0,0,0,0,0,"The Eye of Hellion"
19110,0,0,0,0,0,0,0,"The Eye of Hellion"
19111,0,0,0,0,0,0,0,"The Eye of Hellion"
19112,0,0,0,0,0,0,0,"The Eye of Hellion"
19113,0,0,0,0,0,0,0,"The Eye of Hellion"
19114,0,0,0,0,0,0,0,"The Eye of Hellion"
19115,0,0,0,0,0,0,0,"The Eye of Hellion"
19116,0,0,0,0,0,0,0,"The Eye of Hellion"
19117,0,0,0,0,0,0,0,"The Eye of Hellion"
19118,0,0,0,0,0,0,0,"The Eye of Hellion"
19119,0,0,0,0,0,0,0,"The Eye of Hellion"
19120,0,0,0,0,0,0,0,"The Eye of Hellion"
19121,0,0,0,0,0,0,0,"The Eye of Hellion"
19122,0,0,0,0,0,0,0,"The Eye of Hellion"
19123,0,0,0,0,0,0,0,"The Eye of Hellion"
19124,0,0,0,0,0,0,0,"The Eye of Hellion"
19125,0,0,0,0,0,0,0,"The Eye of Hellion"
19126,0,0,0,0,0,0,0,"The Eye of Hellion"
19127,0,0,0,0,0,0,0,"The Eye of Hellion"
19128,0,0,0,0,0,0,0,"The Eye of Hellion"
19129,0,0,0,0,0,0,0,"The Eye of Hellion"
//
50000,0,0,0,0,0,0,0,"Pirate Dagger materials"
50001,0,0,0,0,0,0,0,"Weather Beaten Old Man"
50002,0,0,0,0,0,0,0,"Lost Treasure?"
50003,0,0,0,0,0,0,0,"Lost Treasure?"
50004,0,0,0,0,0,0,0,"The Old Man's Treasure"
50005,0,0,0,0,0,0,0,"The Old Man's Treasure"
50006,0,0,0,0,0,0,0,"The Old Man's Treasure"
50007,0,0,0,0,0,0,0,"The Old Man's Treasure"
50008,0,0,0,0,0,0,0,"The Old Man's Treasure"
50009,0,0,0,0,0,0,0,"The Old Man's Treasure"
50010,0,0,0,0,0,0,0,"A special lock pick"
50011,0,0,0,0,0,0,0,"The special lock pick"
50012,0,0,0,0,0,0,0,"Use the lock pick"
50013,0,0,0,0,0,0,0,"Broken lock pick"
50015,0,0,0,0,0,0,0,"The empty treasure box"
50016,0,0,0,0,0,0,0,"The empty treasure box"
50017,0,0,0,0,0,0,0,"The empty treasure box"
50018,0,0,0,0,0,0,0,"The empty treasure box"
50019,0,0,0,0,0,0,0,"The empty treasure box"
50020,0,0,0,0,0,0,0,"The empty treasure box"
50021,0,0,0,0,0,0,0,"J Roger"
50022,0,0,0,0,0,0,0,"J Roger's key materials"
50023,0,0,0,0,0,0,0,"Conversation with J Roger"
50024,0,0,0,0,0,0,0,"Bury the treasure"
50025,0,0,0,0,0,0,0,"Bury the treasure"
50026,0,0,0,0,0,0,0,"Bury the treasure"
50027,0,0,0,0,0,0,0,"Buried treasure"
50028,0,0,0,0,0,0,0,"Stolen treasure!"
50029,0,0,0,0,0,0,0,"A Pirate's Spirit!"
//
//60000,0,0,0,0,0,0,0,"60000"
60001,0,0,0,0,0,0,0,"Monster Extermination"
60002,0,0,0,0,0,0,0,"Monster Extermination"
60003,0,0,0,0,0,0,0,"Monster Extermination"
60004,0,0,0,0,0,0,0,"Monster Extermination"
60005,0,0,0,0,0,0,0,"Monster Extermination"
60006,0,0,0,0,0,0,0,"Monster Extermination"
60007,0,0,0,0,0,0,0,"Endless Tower Effect"
60008,0,0,0,0,0,0,0,"Endless Tower Time Limit"
60009,0,0,0,0,0,0,0,"Orc Hero"
60010,0,0,0,0,0,0,0,"Derik Ver's Request"
60011,0,0,0,0,0,0,0,"Investigation of Byalan"
60012,0,0,0,0,0,0,0,"Investigation of Abyss"
60013,0,0,0,0,0,0,0,"Monster Investigation"
60014,0,0,0,0,0,0,0,"Geffen Dungeon's Monster Investigation"
60015,0,0,0,0,0,0,0,"Geffen Dungeon's Monster Investigation"
60016,0,0,0,0,0,0,0,"Geffen Dungeon's Monster Investigation"
60017,0,0,0,0,0,0,0,"Geffen Dungeon's Monster Investigation"
60018,0,0,0,0,0,0,0,"Byalan Dungeon's Monster Investigation"
60019,0,0,0,0,0,0,0,"Byalan Dungeon's Monster Investigation"
60020,0,0,0,0,0,0,0,"Byalan Dungeon's Monster Investigation"
60021,0,0,0,0,0,0,0,"Byalan Dungeon's Monster Investigation"
60022,0,0,0,0,0,0,0,"Abyss Lake's Monster Investigation"
60023,0,0,0,0,0,0,0,"Abyss Lake's Monster Investigation"
60024,0,0,0,0,0,0,0,"Abyss Lake's Monster Investigation"
60025,0,0,0,0,0,0,0,"Abyss Lake's Monster Investigation"
60026,0,0,0,0,0,0,0,"Continuing the Investigation"
60027,0,0,0,0,0,0,0,"Investigating Aldebaran"
60028,0,0,0,0,0,0,0,"Monster Investigation"
60029,0,0,0,0,0,0,0,"Aldebaran Monster Investigation"
60030,0,0,0,0,0,0,0,"Clock Tower Monster Investigation"
60031,0,0,0,0,0,0,0,"Clock Tower Monster Investigation"
60032,0,0,0,0,0,0,0,"Lutie Field Monster Investigation"
60033,0,0,0,0,0,0,0,"Clock Tower Monster Investigation"
60034,0,0,0,0,0,0,0,"Clock Tower Monster Investigation"
60035,0,0,0,0,0,0,0,"Aldebaran Monster Investigation"
60036,0,0,0,0,0,0,0,"Clock Tower Monster Investigation"
60037,0,0,0,0,0,0,0,"Clock Tower Monster Investigation"
60038,0,0,0,0,0,0,0,"Aldebaran Monster Investigation"
60039,0,0,0,0,0,0,0,"Investigation of Glastheim"
60040,0,0,0,0,0,0,0,"Investigation of Glastheim"
60041,0,0,0,0,0,0,0,"Monster Investigation"
60042,0,0,0,0,0,0,0,"Investigation of Glastheim"
60043,0,0,0,0,0,0,0,"Glastheim Monster Investigation"
60044,0,0,0,0,0,0,0,"Glastheim Monster Investigation"
60045,0,0,0,0,0,0,0,"Investigation of Glastheim"
60046,0,0,0,0,0,0,0,"Glastheim Monster Investigation"
60047,0,0,0,0,0,0,0,"Glastheim Monster Investigation"
60048,0,0,0,0,0,0,0,"Investigation of Glastheim"
60049,0,0,0,0,0,0,0,"Glastheim Monster Investigation"
60050,0,0,0,0,0,0,0,"Glastheim Monster Investigation"
60051,0,0,0,0,0,0,0,"Investigation of Glastheim"
60052,0,0,0,0,0,0,0,"Glastheim Monster Investigation"
60053,0,0,0,0,0,0,0,"Glastheim Monster Investigation"
60054,0,0,0,0,0,0,0,"Investigation of Glastheim"
60055,0,0,0,0,0,0,0,"Glastheim Monster Investigation"
60056,0,0,0,0,0,0,0,"Glastheim Monster Investigation"
60057,0,0,0,0,0,0,0,"Glastheim Monster Investigation"
60058,0,0,0,0,0,0,0,"Derik Ver's Brother"
60059,0,0,0,0,0,0,0,"A history lesson"
60060,0,0,0,0,0,0,0,"The Crown of Deceit"
60061,0,0,0,0,0,0,0,"A magic solvent"
60062,0,0,0,0,0,0,0,"Rendering the crown Inert"
60101,0,1019,50,0,0,0,0,"Hunting Peco Pecos"
60102,0,1019,100,0,0,0,0,"Hunting Peco Pecos"
60103,0,1019,150,0,0,0,0,"Hunting Peco Pecos"
60104,0,1127,50,0,0,0,0,"Hunting Hodes"
60105,0,1127,100,0,0,0,0,"Hunting Hodes"
60106,0,1127,150,0,0,0,0,"Hunting Hodes"
60107,0,1007,50,0,0,0,0,"Hunting Fabres"
60108,0,1007,100,0,0,0,0,"Hunting Fabres"
60109,0,1007,150,0,0,0,0,"Hunting Fabres"
60110,0,1008,50,0,0,0,0,"Hunting Pupa"
60111,0,1008,100,0,0,0,0,"Hunting Pupa"
60112,0,1008,150,0,0,0,0,"Hunting Pupa"
60113,0,1104,50,0,0,0,0,"Hunting Cocos"
60114,0,1104,100,0,0,0,0,"Hunting Cocos"
60115,0,1104,150,0,0,0,0,"Hunting Cocos"
60116,0,1103,50,0,0,0,0,"Hunting Caramels"
60117,0,1103,100,0,0,0,0,"Hunting Caramels"
60118,0,1103,150,0,0,0,0,"Hunting Caramels"
60119,0,1271,50,0,0,0,0,"Hunting Alligators"
60120,0,1271,100,0,0,0,0,"Hunting Alligators"
60121,0,1271,150,0,0,0,0,"Hunting Alligators"
60122,0,1018,50,0,0,0,0,"Hunting Creamys"
60123,0,1018,100,0,0,0,0,"Hunting Creamys"
60124,0,1018,150,0,0,0,0,"Hunting Creamys"
60125,0,1378,50,0,0,0,0,"Hunting Demon Pungus"
60126,0,1378,100,0,0,0,0,"Hunting Demon Pungus"
60127,0,1378,150,0,0,0,0,"Hunting Demon Pungus"
60128,0,1110,50,0,0,0,0,"Hunting Dokebi"
60129,0,1110,100,0,0,0,0,"Hunting Dokebi"
60130,0,1110,150,0,0,0,0,"Hunting Dokebi"
60131,0,1493,50,0,0,0,0,"Hunting Dryads"
60132,0,1493,100,0,0,0,0,"Hunting Dryads"
60133,0,1493,150,0,0,0,0,"Hunting Dryads"
60134,0,1119,50,0,0,0,0,"Hunting Frilldora"
60135,0,1119,100,0,0,0,0,"Hunting Frilldora"
60136,0,1119,150,0,0,0,0,"Hunting Frilldora"
60137,0,1372,50,0,0,0,0,"Hunting Goats"
60138,0,1372,100,0,0,0,0,"Hunting Goats"
60139,0,1372,150,0,0,0,0,"Hunting Goats"
60140,0,1040,50,0,0,0,0,"Hunting Golems"
60141,0,1040,100,0,0,0,0,"Hunting Golems"
60142,0,1040,150,0,0,0,0,"Hunting Golems"
60143,0,1586,50,0,0,0,0,"Hunting Leaf Cats"
60144,0,1586,100,0,0,0,0,"Hunting Leaf Cats"
60145,0,1586,150,0,0,0,0,"Hunting Leaf Cats"
60146,0,1076,50,0,0,0,0,"Hunting Skeletons"
60147,0,1076,100,0,0,0,0,"Hunting Skeletons"
60148,0,1076,150,0,0,0,0,"Hunting Skeletons"
60149,0,1026,50,0,0,0,0,"Hunting Munaks"
60150,0,1026,100,0,0,0,0,"Hunting Munaks"
60151,0,1026,150,0,0,0,0,"Hunting Munaks"
60152,0,1170,50,0,0,0,0,"Hunting Sohees"
60153,0,1170,100,0,0,0,0,"Hunting Sohees"
60154,0,1170,150,0,0,0,0,"Hunting Sohees"
60155,0,1403,50,0,0,0,0,"Hunting Firelock Soldiers"
60156,0,1403,100,0,0,0,0,"Hunting Firelock Soldiers"
60157,0,1403,150,0,0,0,0,"Hunting Firelock Soldiers"
60158,0,1405,50,0,0,0,0,"Hunting Tengus"
60159,0,1405,100,0,0,0,0,"Hunting Tengus"
60160,0,1405,150,0,0,0,0,"Hunting Tengus"
60161,0,1675,25,0,0,0,0,"Hunting Venatu"
60162,0,1675,50,0,0,0,0,"Hunting Venatu"
60163,0,1675,75,0,0,0,0,"Hunting Venatu"
60164,0,1668,50,0,0,0,0,"Hunting Archdam"
60165,0,1668,100,0,0,0,0,"Hunting Archdam"
60166,0,1668,150,0,0,0,0,"Hunting Archdam"
60167,0,1776,50,0,0,0,0,"Hunting Siromas"
60168,0,1776,100,0,0,0,0,"Hunting Siromas"
60169,0,1776,150,0,0,0,0,"Hunting Siroma"
60170,0,1777,50,0,0,0,0,"Hunting Ice Titans"
60171,0,1777,100,0,0,0,0,"Hunting Ice Titans"
60172,0,1777,150,0,0,0,0,"Hunting Ice Titans"
60173,0,1506,50,0,0,0,0,"Hunting Disguises"
60174,0,1506,100,0,0,0,0,"Hunting Disguises"
60175,0,1506,150,0,0,0,0,"Hunting Disguises"
60176,0,1505,50,0,0,0,0,"Hunting Loli Ruri"
60177,0,1505,100,0,0,0,0,"Hunting Loli Ruri"
60178,0,1505,150,0,0,0,0,"Hunting Loli Ruri"
60179,0,1139,50,0,0,0,0,"Hunting Mantis"
60180,0,1139,100,0,0,0,0,"Hunting Mantis"
60181,0,1139,150,0,0,0,0,"Hunting Mantis"
60182,0,1514,50,0,0,0,0,"Hunting Dancing Dragons"
60183,0,1514,100,0,0,0,0,"Hunting Dancing Dragons"
60184,0,1514,150,0,0,0,0,"Hunting Dancing Dragons"
60185,0,1870,20,0,0,0,0,"Hunting Necromancers"
60186,0,1870,40,0,0,0,0,"Hunting Necromancers"
60187,0,1870,60,0,0,0,0,"Hunting Necromancers"
60188,0,1365,50,0,0,0,0,"Hunting Apocalypse"
60189,0,1365,100,0,0,0,0,"Hunting Apocalypse"
60190,0,1365,150,0,0,0,0,"Hunting Apocalypse"
//
60200,604800,0,0,0,0,0,0,"Endless Tower Effect"
60201,14400,0,0,0,0,0,0,"Endless Tower Time Limit"
60301,0,1155,100,0,0,0,0,"Dragon Hunting"
60302,0,1155,200,0,0,0,0,"Dragon Hunting"
60303,0,1714,100,0,0,0,0,"Dragon Hunting"
60304,0,1714,200,0,0,0,0,"Dragon Hunting"
60305,0,1717,100,0,0,0,0,"Dragon Hunting"
60306,0,1717,200,0,0,0,0,"Dragon Hunting"
60307,0,1713,100,0,0,0,0,"Dragon Hunting"
60308,0,1713,200,0,0,0,0,"Dragon Hunting"
60309,0,1716,100,0,0,0,0,"Dragon Hunting"
60310,0,1716,200,0,0,0,0,"Dragon Hunting"
// iRO expanded upon the log entries of this quest.
60351,0,0,0,0,0,0,0,"Bathroom Ghost"
60352,0,0,0,0,0,0,0,"Bathroom Ghost"
60353,0,0,0,0,0,0,0,"Bathroom Ghost"
60354,0,0,0,0,0,0,0,"Bathroom Ghost"
60355,0,0,0,0,0,0,0,"Bathroom Ghost"
