// 物品精练的数据
// 安全范围精练的效果值, 每x精炼增加的防御效果, 精练的安全范围, Lv.1 %, Lv 2 %, Lv.3%, ect...
// Armor defense is no longer done in percentage (ie 1 = 1 def)
// Weapons are whole numbers (ie 3 = 3 atk)

  1,4,4, 100,100,100,100, 60, 40, 40, 20, 20, 10, 50, 30, 30, 20, 10, 10, 10, 10, 10, 10	// 防具
  2, ,7, 100,100,100,100,100,100,100, 60, 40, 20, 70, 70, 50, 50, 30, 30, 20, 20, 10, 10	// Lv.1 武器
  3, ,6, 100,100,100,100,100,100, 60, 40, 20, 20, 70, 50, 50, 30, 30, 20, 20, 10, 10, 10	// Lv.2 武器
  5, ,5, 100,100,100,100,100, 60, 50, 20, 20, 20, 50, 50, 30, 30, 20, 20, 10, 10, 10, 10	// Lv.3 武器
  7, ,4, 100,100,100,100, 60, 40, 40, 20, 20, 10, 50, 30, 30, 20, 20, 10, 10, 10, 10, 10	// Lv.4 武器


