// Skill Requirements Database
//
// Structure of Database:
// SkillID,HPCost,MaxHPTrigger,SPCost,HPRateCost,SPRateCost,ZenyCost,RequiredWeapons,RequiredAmmoTypes,RequiredAmmoAmount,RequiredState,SpiritSphereCost,RequiredItemID1,RequiredItemAmount1,RequiredItemID2,RequiredItemAmount2,RequiredItemID3,RequiredItemAmount3,RequiredItemID4,RequiredItemAmount4,RequiredItemID5,RequiredItemAmount5,RequiredItemID6,RequiredItemAmount6,RequiredItemID7,RequiredItemAmount7,RequiredItemID8,RequiredItemAmount8,RequiredItemID9,RequiredItemAmount9,RequiredItemID10,RequiredItemAmount10
//
// If HP/SPratecost is positive, it is a percent of your current life, otherwise it is a percent of your max life.
//
// 'RequiredState'栏位:
//  none = 正常
//  move_enable = 能够移动的时候才能使用
//  recover_weight_rate = 负重低于50%才能使用
//  water = 站在有水的地方才能使用
//  cart = 有手推车时才能使用
//  riding = 骑大嘴鸟时才能使用
//  falcon = 有猎鹰时才能使用
//  sight = 发动探索敌人技能(比如火狩=>火之猎杀)时才能使用
//  hiding = 发动隐匿类技能(比如隐匿=>无影之牙)时才能使用
//  cloaking = 发动伪装类技能才能使用(目前暂无任何技能使用此值)
//  explosionspirits = 发动暴气技能后才能使用
//  cartboost = 装备手推车并且发动手推车加速后才能使用(比如手推车终结技)
//  shield = 装备盾牌的时候才能使用
//  ridingdragon = Requires to ride a dragon 
//  warg = Requires warg
//  gear = Requires a Magic Gear

5,0,0,8:8:8:8:8:15:15:15:15:15,0,0,0,0:1:2:3:4:5:6:7:8:9:10:12:13:14:15:16:17:18:19:20:21:22,0,0,none,0,0,0,0,0,0,0,0,0,0,0,0,0,0,0,0,0,0,0,0,0	//狂击
6,0,0,4:5:6:7:8:9:10:11:12:13,0,0,0,99,0,0,none,0,0,0,0,0,0,0,0,0,0,0,0,0,0,0,0,0,0,0,0,0	//挑衅
7,20:20:19:19:18:18:17:17:16:16,0,30,0,0,0,99,0,0,none,0,0,0,0,0,0,0,0,0,0,0,0,0,0,0,0,0,0,0,0,0	//怒爆
8,0,0,10,0,0,0,99,0,0,none,0,0,0,0,0,0,0,0,0,0,0,0,0,0,0,0,0,0,0,0,0	//霸体

10,0,0,10,0,0,0,99,0,0,none,0,0,0,0,0,0,0,0,0,0,0,0,0,0,0,0,0,0,0,0,0	//火狩
11,0,0,9:9:9:12:12:12:15:15:15:18,0,0,0,99,0,0,none,0,0,0,0,0,0,0,0,0,0,0,0,0,0,0,0,0,0,0,0,0	//心灵爆破
12,0,0,30:30:30:35:35:35:40:40:40:40,0,0,0,99,0,0,none,0,717,1,0,0,0,0,0,0,0,0,0,0,0,0,0,0,0,0,0,0	//暗之障壁
13,0,0,18:14:24:20:30:26:36:32:42:38,0,0,0,99,0,0,none,0,0,0,0,0,0,0,0,0,0,0,0,0,0,0,0,0,0,0,0,0	//圣灵召唤
14,0,0,12:14:16:18:20:22:24:26:28:30,0,0,0,99,0,0,none,0,0,0,0,0,0,0,0,0,0,0,0,0,0,0,0,0,0,0,0,0	//冰箭术
15,0,0,25:24:23:22:21:20:19:18:17:16,0,0,0,99,0,0,none,0,0,0,0,0,0,0,0,0,0,0,0,0,0,0,0,0,0,0,0,0	//冰冻术
16,0,0,25:24:23:22:21:20:19:18:17:16,0,0,0,99,0,0,none,0,716,1,0,0,0,0,0,0,0,0,0,0,0,0,0,0,0,0,0,0	//石化术
17,0,0,25,0,0,0,99,0,0,none,0,0,0,0,0,0,0,0,0,0,0,0,0,0,0,0,0,0,0,0,0	//火球术
18,0,0,40,0,0,0,99,0,0,none,0,0,0,0,0,0,0,0,0,0,0,0,0,0,0,0,0,0,0,0,0	//火焰之壁
19,0,0,12:14:16:18:20:22:24:26:28:30,0,0,0,99,0,0,none,0,0,0,0,0,0,0,0,0,0,0,0,0,0,0,0,0,0,0,0,0	//火箭术
20,0,0,12:14:16:18:20:22:24:26:28:30,0,0,0,99,0,0,none,0,0,0,0,0,0,0,0,0,0,0,0,0,0,0,0,0,0,0,0,0	//雷击术
21,0,0,29:34:39:44:49:54:59:64:69:74,0,0,0,99,0,0,none,0,0,0,0,0,0,0,0,0,0,0,0,0,0,0,0,0,0,0,0,0	//雷爆术

24,0,0,10,0,0,0,99,0,0,none,0,0,0,0,0,0,0,0,0,0,0,0,0,0,0,0,0,0,0,0,0	//光猎
25,0,0,10,0,0,0,99,0,0,none,0,0,0,0,0,0,0,0,0,0,0,0,0,0,0,0,0,0,0,0,0	//光之障壁
26,0,0,10:9,0,0,0,99,0,0,none,0,0,0,0,0,0,0,0,0,0,0,0,0,0,0,0,0,0,0,0,0	//瞬间移动
27,0,0,35:32:29:26,0,0,0,99,0,0,none,0,717,1,0,0,0,0,0,0,0,0,0,0,0,0,0,0,0,0,0,0 //传送之阵
28,0,0,13:16:19:22:25:28:31:34:37:40,0,0,0,99,0,0,none,0,0,0,0,0,0,0,0,0,0,0,0,0,0,0,0,0,0,0,0,0	//治愈术
29,15,0,18:21:24:27:30:33:36:39:42:45,0,0,0,99,0,0,none,0,0,0,0,0,0,0,0,0,0,0,0,0,0,0,0,0,0,0,0,0	//加速术
30,0,0,15:17:19:21:23:25:27:29:31:33,0,0,0,99,0,0,none,0,0,0,0,0,0,0,0,0,0,0,0,0,0,0,0,0,0,0,0,0		//缓速术
31,0,0,10,0,0,0,99,0,0,water,0,0,0,0,0,0,0,0,0,0,0,0,0,0,0,0,0,0,0,0,0	//天使之泪
32,0,0,35,0,0,0,99,0,0,none,0,0,0,0,0,0,0,0,0,0,0,0,0,0,0,0,0,0,0,0,0	//天使之光
33,0,0,23:26:29:32:35:38:41:44:47:50,0,0,0,99,0,0,none,0,0,0,0,0,0,0,0,0,0,0,0,0,0,0,0,0,0,0,0,0	//天使之障壁
34,0,0,28:32:36:40:44:48:52:56:60:64,0,0,0,99,0,0,none,0,0,0,0,0,0,0,0,0,0,0,0,0,0,0,0,0,0,0,0,0	//天使之赐福
35,0,0,15,0,0,0,99,0,0,none,0,0,0,0,0,0,0,0,0,0,0,0,0,0,0,0,0,0,0,0,0	//治疗术

40,0,0,10,0,0,0,99,0,0,none,0,0,0,0,0,0,0,0,0,0,0,0,0,0,0,0,0,0,0,0,0	//物品鉴定
41,0,0,30,0,0,0,99,0,0,cart,0,0,0,0,0,0,0,0,0,0,0,0,0,0,0,0,0,0,0,0,0	//露天商店
42,0,0,5,0,0,100:200:300:400:500:600:700:800:900:1000,99,0,0,none,0,0,0,0,0,0,0,0,0,0,0,0,0,0,0,0,0,0,0,0,0	//金钱攻击

45,0,0,25:30:35:40:45:50:55:60:65:70,0,0,0,99,0,0,none,0,0,0,0,0,0,0,0,0,0,0,0,0,0,0,0,0,0,0,0,0	//心神凝聚
46,0,0,12,0,0,0,11,1,1,none,0,0,0,0,0,0,0,0,0,0,0,0,0,0,0,0,0,0,0,0,0	//二连矢
47,0,0,15,0,0,0,11,1,1,none,0,0,0,0,0,0,0,0,0,0,0,0,0,0,0,0,0,0,0,0,0	//箭雨

50,0,0,10,0,0,0,99,0,0,none,0,0,0,0,0,0,0,0,0,0,0,0,0,0,0,0,0,0,0,0,0	//偷窃
51,0,0,10,0,0,0,99,0,0,none,0,0,0,0,0,0,0,0,0,0,0,0,0,0,0,0,0,0,0,0,0	//隐匿
52,0,0,12,0,0,0,99,0,0,none,0,0,0,0,0,0,0,0,0,0,0,0,0,0,0,0,0,0,0,0,0	//施毒
53,0,0,10,0,0,0,99,0,0,none,0,0,0,0,0,0,0,0,0,0,0,0,0,0,0,0,0,0,0,0,0	//解毒
54,0,0,60,0,0,0,99,0,0,none,0,717,1,0,0,0,0,0,0,0,0,0,0,0,0,0,0,0,0,0,0	//复活术

56,0,0,7,0,0,0,4:5,0,0,none,0,0,0,0,0,0,0,0,0,0,0,0,0,0,0,0,0,0,0,0,0	//连刺攻击
57,0,0,12,0,0,0,4:5,0,0,riding,0,0,0,0,0,0,0,0,0,0,0,0,0,0,0,0,0,0,0,0,0	//骑乘攻击
58,0,0,9,0,0,0,4:5,0,0,none,0,0,0,0,0,0,0,0,0,0,0,0,0,0,0,0,0,0,0,0,0	//长矛刺击
59,0,0,10,0,0,0,4:5,0,0,none,0,0,0,0,0,0,0,0,0,0,0,0,0,0,0,0,0,0,0,0,0	//投掷长矛攻击
60,0,0,14:18:22:26:30:34:38:42:46:50,0,0,0,3,0,0,none,0,0,0,0,0,0,0,0,0,0,0,0,0,0,0,0,0,0,0,0,0	//双手剑攻击速度增加
61,0,0,3,0,0,0,0:1:2:3:4:5:6:7:8:9:10:12:13:14:15:16:17:18:19:20:21:22,0,0,none,0,0,0,0,0,0,0,0,0,0,0,0,0,0,0,0,0,0,0,0,0	//反击
62,0,0,13:14:15:16:17:18:19:20:21:22,0,0,0,99,0,0,none,0,0,0,0,0,0,0,0,0,0,0,0,0,0,0,0,0,0,0,0,0	//怪物互击

66,0,0,13:16:19:22:25,0,0,0,99,0,0,none,0,0,0,0,0,0,0,0,0,0,0,0,0,0,0,0,0,0,0,0,0	//神威祈福
67,0,0,8,0,0,0,99,0,0,none,0,0,0,0,0,0,0,0,0,0,0,0,0,0,0,0,0,0,0,0,0	//牺牲祈福
68,0,0,14:18:22:26:30,0,0,0,99,0,0,none,0,523,1,0,0,0,0,0,0,0,0,0,0,0,0,0,0,0,0,0,0	//撒水祈福
69,0,0,20,0,0,0,99,0,0,none,0,0,0,0,0,0,0,0,0,0,0,0,0,0,0,0,0,0,0,0,0	//圣之祈福
70,0,0,15:18:21:24:27:30:33:36:39:42,0,0,0,99,0,0,none,0,717,1,0,0,0,0,0,0,0,0,0,0,0,0,0,0,0,0,0,0	//光耀之堂	
71,0,0,6:8:10:12,0,0,0,99,0,0,none,0,0,0,0,0,0,0,0,0,0,0,0,0,0,0,0,0,0,0,0,0	//缓毒术
72,0,0,5,0,0,0,99,0,0,none,0,0,0,0,0,0,0,0,0,0,0,0,0,0,0,0,0,0,0,0,0	//痊愈术
73,0,0,20:20:20:25:25:25:30:30:30:35,0,0,0,99,0,0,none,0,0,0,0,0,0,0,0,0,0,0,0,0,0,0,0,0,0,0,0,0	//霸邪之阵
74,0,0,40,0,0,0,99,0,0,none,0,0,0,0,0,0,0,0,0,0,0,0,0,0,0,0,0,0,0,0,0	//圣母之颂歌
75,0,0,20,0,0,0,99,0,0,none,0,0,0,0,0,0,0,0,0,0,0,0,0,0,0,0,0,0,0,0,0	//幸运之颂歌
76,0,0,20:20:20:20:20:18:16:14:12:10,0,0,0,99,0,0,none,0,0,0,0,0,0,0,0,0,0,0,0,0,0,0,0,0,0,0,0,0	//沉默之术
77,0,0,20,0,0,0,99,0,0,none,0,0,0,0,0,0,0,0,0,0,0,0,0,0,0,0,0,0,0,0,0	//转生术
78,0,0,10,0,0,0,99,0,0,none,0,0,0,0,0,0,0,0,0,0,0,0,0,0,0,0,0,0,0,0,0	//天使之怒
79,0,0,40:42:44:46:48:50:52:54:56:58,0,0,0,99,0,0,none,0,717,1,0,0,0,0,0,0,0,0,0,0,0,0,0,0,0,0,0,0	//十字驱魔攻击
80,0,0,75,0,0,0,99,0,0,none,0,717,1,0,0,0,0,0,0,0,0,0,0,0,0,0,0,0,0,0,0	//火柱攻击
81,0,0,35:37:39:41:43:45:47:49:51:53,0,0,0,99,0,0,sight,0,0,0,0,0,0,0,0,0,0,0,0,0,0,0,0,0,0,0,0,0	//火之猎杀

83,0,0,20:24:30:34:40:44:50:54:60:64,0,0,0,99,0,0,none,0,0,0,0,0,0,0,0,0,0,0,0,0,0,0,0,0,0,0,0,0	//陨石术
84,0,0,20:23:26:29:32:35:38:41:44:47,0,0,0,99,0,0,none,0,0,0,0,0,0,0,0,0,0,0,0,0,0,0,0,0,0,0,0,0	//雷鸣术
85,0,0,60:64:68:72:76:80:84:88:92:96,0,0,0,99,0,0,none,0,0,0,0,0,0,0,0,0,0,0,0,0,0,0,0,0,0,0,0,0	//怒雷强击
86,0,0,15:20:20:25:25:25:25:25:25:25,0,0,0,99,0,0,water,0,0,0,0,0,0,0,0,0,0,0,0,0,0,0,0,0,0,0,0,0	//水球术
87,0,0,20,0,0,0,99,0,0,none,0,0,0,0,0,0,0,0,0,0,0,0,0,0,0,0,0,0,0,0,0	//冰刃之墙
88,0,0,45:43:41:39:37:35:33:31:29:27,0,0,0,99,0,0,none,0,0,0,0,0,0,0,0,0,0,0,0,0,0,0,0,0,0,0,0,0	//霜冻之术
89,0,0,78,0,0,0,99,0,0,none,0,0,0,0,0,0,0,0,0,0,0,0,0,0,0,0,0,0,0,0,0	//暴风雪
90,0,0,12:14:16:18:20,0,0,0,99,0,0,none,0,0,0,0,0,0,0,0,0,0,0,0,0,0,0,0,0,0,0,0,0	//地震术
91,0,0,28:32:36:40:44,0,0,0,99,0,0,none,0,0,0,0,0,0,0,0,0,0,0,0,0,0,0,0,0,0,0,0,0	//崩裂术
92,0,0,5:10:15:20:25,0,0,0,99,0,0,none,0,0,0,0,0,0,0,0,0,0,0,0,0,0,0,0,0,0,0,0,0	//泥沼地
93,0,0,10,0,0,0,99,0,0,none,0,0,0,0,0,0,0,0,0,0,0,0,0,0,0,0,0,0,0,0,0	//怪物情报

108,0,0,30,0,0,0,99,0,0,none,0,0,0,0,0,0,0,0,0,0,0,0,0,0,0,0,0,0,0,0,0	//武器修理

110,0,0,10,0,0,0,1:2:6:7:8,0,0,none,0,0,0,0,0,0,0,0,0,0,0,0,0,0,0,0,0,0,0,0,0	//大地之击
111,0,0,20:23:26:29:32,0,0,0,6:7:8,0,0,none,0,0,0,0,0,0,0,0,0,0,0,0,0,0,0,0,0,0,0,0,0	//速度激发
112,0,0,18:16:14:12:10,0,0,0,99,0,0,none,0,0,0,0,0,0,0,0,0,0,0,0,0,0,0,0,0,0,0,0,0	//无视体型攻击
113,0,0,18:16:14:12:10,0,0,0,99,0,0,none,0,0,0,0,0,0,0,0,0,0,0,0,0,0,0,0,0,0,0,0,0	//凶砍
114,0,0,10,0,0,0,99,0,0,none,0,0,0,0,0,0,0,0,0,0,0,0,0,0,0,0,0,0,0,0,0	//武器值最大化
115,0,0,10,0,0,0,99,0,0,none,0,1065,1,0,0,0,0,0,0,0,0,0,0,0,0,0,0,0,0,0,0	//滑动陷阱
116,0,0,10,0,0,0,99,0,0,none,0,1065,1,0,0,0,0,0,0,0,0,0,0,0,0,0,0,0,0,0,0	//地雷陷阱
117,0,0,12,0,0,0,99,0,0,none,0,1065,1,0,0,0,0,0,0,0,0,0,0,0,0,0,0,0,0,0,0	//定位陷阱
118,0,0,45,0,0,0,99,0,0,none,0,1065,2,0,0,0,0,0,0,0,0,0,0,0,0,0,0,0,0,0,0	//魔耗陷阱
119,0,0,12,0,0,0,99,0,0,none,0,1065,1,0,0,0,0,0,0,0,0,0,0,0,0,0,0,0,0,0,0	//睡魔陷阱
120,0,0,12,0,0,0,99,0,0,none,0,1065,2,0,0,0,0,0,0,0,0,0,0,0,0,0,0,0,0,0,0	//强光陷阱
121,0,0,10,0,0,0,99,0,0,none,0,1065,2,0,0,0,0,0,0,0,0,0,0,0,0,0,0,0,0,0,0	//霜冻陷阱
122,0,0,10,0,0,0,99,0,0,none,0,1065,1,0,0,0,0,0,0,0,0,0,0,0,0,0,0,0,0,0,0	//定时爆炸陷阱
123,0,0,15,0,0,0,99,0,0,none,0,1065,2,0,0,0,0,0,0,0,0,0,0,0,0,0,0,0,0,0,0	//爆散陷阱
124,0,0,5,0,0,0,99,0,0,none,0,0,0,0,0,0,0,0,0,0,0,0,0,0,0,0,0,0,0,0,0	//陷阱移除
125,0,0,1,0,0,0,99,0,0,none,0,1065,1,0,0,0,0,0,0,0,0,0,0,0,0,0,0,0,0,0,0	//陷阱探查

129,0,0,10:13:16:19:22,0,0,0,99,0,0,falcon,0,0,0,0,0,0,0,0,0,0,0,0,0,0,0,0,0,0,0,0,0	//闪电冲击
130,0,0,8,0,0,0,99,0,0,falcon,0,0,0,0,0,0,0,0,0,0,0,0,0,0,0,0,0,0,0,0,0	//猎鹰寻敌
131,0,0,10,0,0,0,99,0,0,falcon,0,0,0,0,0,0,0,0,0,0,0,0,0,0,0,0,0,0,0,0,0	//爆破陷阱

135,0,0,15,0,0,0,99,0,0,none,0,0,0,0,0,0,0,0,0,0,0,0,0,0,0,0,0,0,0,0,0	//伪装
136,0,0,16:18:20:22:24:26:28:30:32:34,0,0,0,16,0,0,none,0,0,0,0,0,0,0,0,0,0,0,0,0,0,0,0,0,0,0,0,0	//音速投掷
137,0,0,3,0,0,0,16,0,0,hiding,0,0,0,0,0,0,0,0,0,0,0,0,0,0,0,0,0,0,0,0,0	//无影之牙
138,0,0,20,0,0,0,99,0,0,none,0,0,0,0,0,0,0,0,0,0,0,0,0,0,0,0,0,0,0,0,0	//涂毒
139,0,0,20:25:30:35:40:45:50:55:60:45,0,0,0,99,0,0,none,0,0,0,0,0,0,0,0,0,0,0,0,0,0,0,0,0,0,0,0,0	//毒性反弹
140,0,0,20,0,0,0,99,0,0,none,0,716,1,0,0,0,0,0,0,0,0,0,0,0,0,0,0,0,0,0,0	//病毒散拨
141,0,0,12:14:16:18:20:22:24:26:28:30,0,0,0,99,0,0,none,0,716,1,0,0,0,0,0,0,0,0,0,0,0,0,0,0,0,0,0,0	//毒性感染
142,0,0,3,0,0,0,99,0,0,none,0,0,0,0,0,0,0,0,0,0,0,0,0,0,0,0,0,0,0,0,0	//紧急治疗
143,0,0,5,0,0,0,99,0,0,none,0,0,0,0,0,0,0,0,0,0,0,0,0,0,0,0,0,0,0,0,0	//装死

146,0,0,1,0,0,0,99,0,0,none,0,0,0,0,0,0,0,0,0,0,0,0,0,0,0,0,0,0,0,0,0	//狂暴状态
147,0,0,10,0,0,0,99,0,0,recover_weight_rate,0,0,0,0,0,0,0,0,0,0,0,0,0,0,0,0,0,0,0,0,0	//制作箭
148,0,0,15,0,0,0,11,1,1,none,0,0,0,0,0,0,0,0,0,0,0,0,0,0,0,0,0,0,0,0,0	//冲锋箭
149,0,0,9,0,0,0,99,0,0,none,0,0,0,0,0,0,0,0,0,0,0,0,0,0,0,0,0,0,0,0,0	//喷砂
150,0,0,7,0,0,0,99,0,0,none,0,0,0,0,0,0,0,0,0,0,0,0,0,0,0,0,0,0,0,0,0	//后退回避
151,0,0,3,0,0,0,99,0,0,recover_weight_rate,0,0,0,0,0,0,0,0,0,0,0,0,0,0,0,0,0,0,0,0,0	//捡石头
152,0,0,2,0,0,0,99,0,0,none,0,7049,1,0,0,0,0,0,0,0,0,0,0,0,0,0,0,0,0,0,0	//投掷石头
153,0,0,12,0,0,0,99,0,0,cart,0,0,0,0,0,0,0,0,0,0,0,0,0,0,0,0,0,0,0,0,0	//手推车攻击
154,0,0,40,0,0,0,99,0,0,cart,0,0,0,0,0,0,0,0,0,0,0,0,0,0,0,0,0,0,0,0,0	//改装手推车
155,0,0,8,0,0,0,99,0,0,none,0,0,0,0,0,0,0,0,0,0,0,0,0,0,0,0,0,0,0,0,0	//大声呐喊
156,0,0,15,0,0,0,99,0,0,none,0,0,0,0,0,0,0,0,0,0,0,0,0,0,0,0,0,0,0,0,0	//神圣之光
157,0,0,30,0,0,0,99,0,0,none,0,0,0,0,0,0,0,0,0,0,0,0,0,0,0,0,0,0,0,0,0	//能量外套

211,0,0,15,0,0,0,99,0,0,none,0,0,0,0,0,0,0,0,0,0,0,0,0,0,0,0,0,0,0,0,0	//偷钱
212,0,0,16,0,0,0,99,0,0,none,0,0,0,0,0,0,0,0,0,0,0,0,0,0,0,0,0,0,0,0,0	//背刺

214,0,0,20,0,0,0,99,0,0,hiding,0,0,0,0,0,0,0,0,0,0,0,0,0,0,0,0,0,0,0,0,0	//潜击
215,0,0,17:19:21:23:25,0,0,0,99,0,0,none,0,0,0,0,0,0,0,0,0,0,0,0,0,0,0,0,0,0,0,0,0	//卸除武器
216,0,0,12:14:16:18:20,0,0,0,99,0,0,none,0,0,0,0,0,0,0,0,0,0,0,0,0,0,0,0,0,0,0,0,0	//卸除盾牌
217,0,0,17:19:21:23:25,0,0,0,99,0,0,none,0,0,0,0,0,0,0,0,0,0,0,0,0,0,0,0,0,0,0,0,0	//卸除铠甲
218,0,0,12:14:16:18:20,0,0,0,99,0,0,none,0,0,0,0,0,0,0,0,0,0,0,0,0,0,0,0,0,0,0,0,0	//卸除头盔
219,0,0,13:16:19:22:25,0,0,0,99,0,0,none,0,0,0,0,0,0,0,0,0,0,0,0,0,0,0,0,0,0,0,0,0	//胁持
220,0,0,15,0,0,0,99,0,0,none,0,716,1,0,0,0,0,0,0,0,0,0,0,0,0,0,0,0,0,0,0	//涂鸦
221,0,0,10,0,0,0,99,0,0,none,0,0,0,0,0,0,0,0,0,0,0,0,0,0,0,0,0,0,0,0,0	//旗帜涂鸦
222,0,0,5,0,0,0,99,0,0,none,0,0,0,0,0,0,0,0,0,0,0,0,0,0,0,0,0,0,0,0,0	//清洗

228,0,0,5,0,0,0,99,0,0,none,0,7134,1,0,0,0,0,0,0,0,0,0,0,0,0,0,0,0,0,0,0	//配药
229,0,0,10,0,0,0,99,0,0,none,0,7135,1,0,0,0,0,0,0,0,0,0,0,0,0,0,0,0,0,0,0	//火烟瓶投掷
230,0,0,15,0,0,0,99,0,0,none,0,7136,1,0,0,0,0,0,0,0,0,0,0,0,0,0,0,0,0,0,0	//强酸攻击
231,0,0,1,0,0,0,99,0,0,none,0,501,1,502,1,503,1,504,1,505,1,522,1,526,1,608,1,607,1,657,1	//药水投掷
232,0,0,20,0,0,0,99,0,0,none,0,7137,1,0,0,0,0,0,0,0,0,0,0,0,0,0,0,0,0,0,0	//生物调拨
233,0,0,10,0,0,0,99,0,0,none,0,7138,1,0,0,0,0,0,0,0,0,0,0,0,0,0,0,0,0,0,0	//气泡虫召唤
234,0,0,30,0,0,0,99,0,0,none,0,7139,1,0,0,0,0,0,0,0,0,0,0,0,0,0,0,0,0,0,0	//化学武器保护
235,0,0,25,0,0,0,99,0,0,none,0,7139,1,0,0,0,0,0,0,0,0,0,0,0,0,0,0,0,0,0,0	//化学盾牌保护
236,0,0,25,0,0,0,99,0,0,none,0,7139,1,0,0,0,0,0,0,0,0,0,0,0,0,0,0,0,0,0,0	//化学铠甲保护
237,0,0,25,0,0,0,99,0,0,none,0,7139,1,0,0,0,0,0,0,0,0,0,0,0,0,0,0,0,0,0,0	//化学头盔保护

243,0,0,10,0,0,0,99,0,0,none,0,7142,1,0,0,0,0,0,0,0,0,0,0,0,0,0,0,0,0,0,0	//生命体召唤CULUS
244,0,0,50,0,0,0,99,0,0,none,0,0,0,0,0,0,0,0,0,0,0,0,0,0,0,0,0,0,0,0,0	//安息
247,0,0,74:68:62:56:50,0,0,0,99,0,0,none,0,0,0,0,0,0,0,0,0,0,0,0,0,0,0,0,0,0,0,0,0	//复活生命体

249,0,0,12:14:16:18:20:22:24:26:28:30,0,0,0,99,0,0,shield,0,0,0,0,0,0,0,0,0,0,0,0,0,0,0,0,0,0,0,0,0	//自动防御
250,0,0,10,0,0,0,99,0,0,shield,0,0,0,0,0,0,0,0,0,0,0,0,0,0,0,0,0,0,0,0,0	//盾击
251,0,0,12,0,0,0,99,0,0,shield,0,0,0,0,0,0,0,0,0,0,0,0,0,0,0,0,0,0,0,0,0	//回旋盾击
252,0,0,35:40:45:50:55:60:65:70:75:80,0,0,0,99,0,0,shield,0,0,0,0,0,0,0,0,0,0,0,0,0,0,0,0,0,0,0,0,0	//反射盾
253,0,0,11:12:13:14:15:16:17:18:19:20,0,0,0,99,0,0,none,0,0,0,0,0,0,0,0,0,0,0,0,0,0,0,0,0,0,0,0,0	//圣十字攻击
254,0,0,37:44:51:58:65:72:79:86:93:100,20,0,0,99,0,0,none,0,0,0,0,0,0,0,0,0,0,0,0,0,0,0,0,0,0,0,0,0	//圣十字审判
255,0,0,25,0,0,0,99,0,0,none,0,0,0,0,0,0,0,0,0,0,0,0,0,0,0,0,0,0,0,0,0	//牺牲
256,0,0,30,0,0,0,99,0,0,none,0,0,0,0,0,0,0,0,0,0,0,0,0,0,0,0,0,0,0,0,0	//神佑之光
257,0,0,30,0,0,0,99,0,0,shield,0,0,0,0,0,0,0,0,0,0,0,0,0,0,0,0,0,0,0,0,0	//光之盾
258,0,0,24:28:32:36:40:44:48:52:56:60,0,0,0,5,0,0,none,0,0,0,0,0,0,0,0,0,0,0,0,0,0,0,0,0,0,0,0,0	//长矛加速术

261,0,0,8,0,0,0,99,0,0,none,0,0,0,0,0,0,0,0,0,0,0,0,0,0,0,0,0,0,0,0,0	//蓄气
262,0,0,5,0,0,0,99,0,0,none,0,0,0,0,0,0,0,0,0,0,0,0,0,0,0,0,0,0,0,0,0	//吸气

264,0,0,14,0,0,0,99,0,0,none,1,0,0,0,0,0,0,0,0,0,0,0,0,0,0,0,0,0,0,0,0	//弓身弹影

266,0,0,10:14:17:19:20,0,0,0,99,0,0,none,1,0,0,0,0,0,0,0,0,0,0,0,0,0,0,0,0,0,0,0,0	//浸透劲
267,0,0,10,0,0,0,99,0,0,none,1:2:3:4:5,0,0,0,0,0,0,0,0,0,0,0,0,0,0,0,0,0,0,0,0	//弹指神通
268,0,0,1,0,50,0,99,0,0,none,5,0,0,0,0,0,0,0,0,0,0,0,0,0,0,0,0,0,0,0,0	//金刚不坏
269,0,0,10,0,0,0,0:1:2:3:4:5:6:7:8:9:10:12:13:14:15:16:17:18:19:20:21:22,0,0,none,1,0,0,0,0,0,0,0,0,0,0,0,0,0,0,0,0,0,0,0,0	//真剑百破道
270,0,0,15,0,0,0,99,0,0,none,5,0,0,0,0,0,0,0,0,0,0,0,0,0,0,0,0,0,0,0,0	//爆气
271,0,0,1,0,0,0,0:1:2:3:4:5:6:7:8:9:10:12:13:14:15:16:17:18:19:20:21:22,0,0,explosionspirits,5,0,0,0,0,0,0,0,0,0,0,0,0,0,0,0,0,0,0,0,0	//阿修罗霸凰拳
272,0,0,11:12:13:14:15,0,0,0,0:1:2:3:4:5:6:7:8:9:10:12:13:14:15:16:17:18:19:20:21:22,0,0,none,0,0,0,0,0,0,0,0,0,0,0,0,0,0,0,0,0,0,0,0,0	//连环全身掌
273,0,0,11:12:13:14:15,0,0,0,0:1:2:3:4:5:6:7:8:9:10:12:13:14:15:16:17:18:19:20:21:22,0,0,none,1,0,0,0,0,0,0,0,0,0,0,0,0,0,0,0,0,0,0,0,0	//猛龙夸强

275,0,0,2,0,0,0,99,0,0,none,0,0,0,0,0,0,0,0,0,0,0,0,0,0,0,0,0,0,0,0,0	//取消施法
276,0,0,2,0,0,0,99,0,0,none,0,0,0,0,0,0,0,0,0,0,0,0,0,0,0,0,0,0,0,0,0	//魔法惩罚
277,0,0,10,0,0,0,99,0,0,none,0,0,0,0,0,0,0,0,0,0,0,0,0,0,0,0,0,0,0,0,0	//念咒拆除

279,0,0,35,0,0,0,99,0,0,none,0,0,0,0,0,0,0,0,0,0,0,0,0,0,0,0,0,0,0,0,0	//自动念咒
280,0,0,40,0,0,0,99,0,0,none,0,990,1,0,0,0,0,0,0,0,0,0,0,0,0,0,0,0,0,0,0	//火焰属性附加
281,0,0,40,0,0,0,99,0,0,none,0,991,1,0,0,0,0,0,0,0,0,0,0,0,0,0,0,0,0,0,0	//水属性附加
282,0,0,40,0,0,0,99,0,0,none,0,992,1,0,0,0,0,0,0,0,0,0,0,0,0,0,0,0,0,0,0	//风属性附加
283,0,0,40,0,0,0,99,0,0,none,0,993,1,0,0,0,0,0,0,0,0,0,0,0,0,0,0,0,0,0,0	//地属性附加

285,0,0,48:46:44:42:40,0,0,0,99,0,0,none,0,715,1,0,0,0,0,0,0,0,0,0,0,0,0,0,0,0,0,0,0	//火元素领域
286,0,0,48:46:44:42:40,0,0,0,99,0,0,none,0,715,1,0,0,0,0,0,0,0,0,0,0,0,0,0,0,0,0,0,0	//水元素领域
287,0,0,48:46:44:42:40,0,0,0,99,0,0,none,0,715,1,0,0,0,0,0,0,0,0,0,0,0,0,0,0,0,0,0,0	//风元素领域
288,0,0,66:62:58:54:50,0,0,0,99,0,0,none,0,717,1,715,1,0,0,0,0,0,0,0,0,0,0,0,0,0,0,0,0	//地元素领域
289,0,0,1,0,0,0,99,0,0,none,0,715,1,0,0,0,0,0,0,0,0,0,0,0,0,0,0,0,0,0,0	//魔法效果解除
290,0,0,50,0,0,0,99,0,0,none,0,715,2,0,0,0,0,0,0,0,0,0,0,0,0,0,0,0,0,0,0	//随机技能
291,0,0,1,0,0,0,99,0,0,none,0,0,0,0,0,0,0,0,0,0,0,0,0,0,0,0,0,0,0,0,0	//变换成波利
292,0,0,1,0,0,0,99,0,0,none,0,0,0,0,0,0,0,0,0,0,0,0,0,0,0,0,0,0,0,0,0	//变换成Boss级魔物
293,0,0,1,0,0,0,99,0,0,none,0,0,0,0,0,0,0,0,0,0,0,0,0,0,0,0,0,0,0,0,0	//召唤魔物
294,0,0,1,0,0,0,99,0,0,none,0,0,0,0,0,0,0,0,0,0,0,0,0,0,0,0,0,0,0,0,0	//变成兽人面孔
295,0,0,1,0,0,0,99,0,0,none,0,0,0,0,0,0,0,0,0,0,0,0,0,0,0,0,0,0,0,0,0	//死身
296,0,0,1,0,0,0,99,0,0,none,0,0,0,0,0,0,0,0,0,0,0,0,0,0,0,0,0,0,0,0,0	//宿命
297,0,0,1,0,0,0,99,0,0,none,0,0,0,0,0,0,0,0,0,0,0,0,0,0,0,0,0,0,0,0,0	//认养宠物
298,0,0,1,0,0,0,99,0,0,none,0,0,0,0,0,0,0,0,0,0,0,0,0,0,0,0,0,0,0,0,0	//问号
299,0,0,1,0,0,0,99,0,0,none,0,0,0,0,0,0,0,0,0,0,0,0,0,0,0,0,0,0,0,0,0	//GRAVITY
300,0,0,1,0,0,0,99,0,0,none,0,0,0,0,0,0,0,0,0,0,0,0,0,0,0,0,0,0,0,0,0	//升级
301,0,0,1,0,0,0,99,0,0,none,0,0,0,0,0,0,0,0,0,0,0,0,0,0,0,0,0,0,0,0,0	//当场死亡
302,0,0,1,0,0,0,99,0,0,none,0,0,0,0,0,0,0,0,0,0,0,0,0,0,0,0,0,0,0,0,0	//完全恢复
303,0,0,1,0,0,0,99,0,0,none,0,0,0,0,0,0,0,0,0,0,0,0,0,0,0,0,0,0,0,0,0	//频死之术

304,0,0,1,0,0,0,99,0,0,none,0,0,0,0,0,0,0,0,0,0,0,0,0,0,0,0,0,0,0,0,0	//临机应变
305,0,0,1,0,0,0,13:14,0,0,none,0,0,0,0,0,0,0,0,0,0,0,0,0,0,0,0,0,0,0,0,0	//安可
306,0,0,20,0,0,0,13:14,0,0,none,0,0,0,0,0,0,0,0,0,0,0,0,0,0,0,0,0,0,0,0,0	//摇篮曲
307,0,0,20,0,0,0,13:14,0,0,none,0,0,0,0,0,0,0,0,0,0,0,0,0,0,0,0,0,0,0,0,0	//经验值倍增
308,0,0,30,0,0,0,13:14,0,0,none,0,0,0,0,0,0,0,0,0,0,0,0,0,0,0,0,0,0,0,0,0	//永远的混沌
309,0,0,38:41:44:47:50,0,0,0,13:14,0,0,none,0,0,0,0,0,0,0,0,0,0,0,0,0,0,0,0,0,0,0,0,0	//战鼓震天
310,0,0,38:41:44:47:50,0,0,0,13:14,0,0,none,0,0,0,0,0,0,0,0,0,0,0,0,0,0,0,0,0,0,0,0,0	//尼贝隆根之戒指
311,0,0,15,0,0,0,13:14,0,0,none,0,0,0,0,0,0,0,0,0,0,0,0,0,0,0,0,0,0,0,0,0	//洛奇的悲鸣
312,0,0,10,0,0,0,13:14,0,0,none,0,0,0,0,0,0,0,0,0,0,0,0,0,0,0,0,0,0,0,0,0	//触媒之所
313,0,0,20,0,0,0,13:14,0,0,none,0,0,0,0,0,0,0,0,0,0,0,0,0,0,0,0,0,0,0,0,0	//不死神齐格弗里德

316,0,0,1:3:5:7:9,0,0,0,13,1,1,none,0,0,0,0,0,0,0,0,0,0,0,0,0,0,0,0,0,0,0,0,0	//乐器攻击
317,0,0,18:21:24:27:30,0,0,0,13,0,0,none,0,0,0,0,0,0,0,0,0,0,0,0,0,0,0,0,0,0,0,0,0	//不谐和音
318,0,0,12:14:16:18:20,0,0,0,99,0,0,none,0,0,0,0,0,0,0,0,0,0,0,0,0,0,0,0,0,0,0,0,0	//冷笑话
319,0,0,24:28:32:36:40:44:48:52:56:60,0,0,0,13:14,0,0,none,0,0,0,0,0,0,0,0,0,0,0,0,0,0,0,0,0,0,0,0,0	//吹口哨
320,0,0,38:41:44:47:50:53:56:59:62:65,0,0,0,13:14,0,0,none,0,0,0,0,0,0,0,0,0,0,0,0,0,0,0,0,0,0,0,0,0	//刺客的黄昏
321,0,0,40:45:50:55:60:65:70:75:80:85,0,0,0,13:14,0,0,none,0,0,0,0,0,0,0,0,0,0,0,0,0,0,0,0,0,0,0,0,0	//布莱奇之诗
322,0,0,40:45:50:55:60:65:70:75:80:85,0,0,0,13:14,0,0,none,0,0,0,0,0,0,0,0,0,0,0,0,0,0,0,0,0,0,0,0,0	//伊登的苹果

324,0,0,1:3:5:7:9,0,0,0,14,1,1,none,0,0,0,0,0,0,0,0,0,0,0,0,0,0,0,0,0,0,0,0,0	//缠箭投掷
325,0,0,23:26:29:32:35,0,0,0,14,0,0,none,0,0,0,0,0,0,0,0,0,0,0,0,0,0,0,0,0,0,0,0,0	//丑陋之舞
326,0,0,12:14:16:18:20,0,0,0,99,0,0,none,0,0,0,0,0,0,0,0,0,0,0,0,0,0,0,0,0,0,0,0,0	//惊声尖叫
327,0,0,22:24:26:28:30:32:34:36:38:40,0,0,0,13:14,0,0,none,0,0,0,0,0,0,0,0,0,0,0,0,0,0,0,0,0,0,0,0,0	//哼唱之音
328,0,0,28:31:34:37:40:43:46:49:52:55,0,0,0,13:14,0,0,none,0,0,0,0,0,0,0,0,0,0,0,0,0,0,0,0,0,0,0,0,0	//勿忘我
329,0,0,43:46:49:52:55:58:61:64:67:70,0,0,0,13:14,0,0,none,0,0,0,0,0,0,0,0,0,0,0,0,0,0,0,0,0,0,0,0,0	//女神之吻
330,0,0,40:45:50:55:60:65:70:75:80:85,0,0,0,13:14,0,0,none,0,0,0,0,0,0,0,0,0,0,0,0,0,0,0,0,0,0,0,0,0	//为您服务

334,0,0,1,-10,0,0,99,0,0,none,0,0,0,0,0,0,0,0,0,0,0,0,0,0,0,0,0,0,0,0,0	//只呵护你
335,0,0,1,0,-10,0,99,0,0,none,0,0,0,0,0,0,0,0,0,0,0,0,0,0,0,0,0,0,0,0,0	//只为你牺牲
336,0,0,1,0,0,0,99,0,0,none,0,0,0,0,0,0,0,0,0,0,0,0,0,0,0,0,0,0,0,0,0	//想念你
337,0,0,1,0,0,0,99,0,0,none,0,0,0,0,0,0,0,0,0,0,0,0,0,0,0,0,0,0,0,0,0	//投掷风灵之斧

355,0,0,18:26:34:42:50,0,0,0,1:2:3:4:5:6:7:8:9:10:11:12:13:14:15:16:17:18:19:20:21:22,0,0,none,0,0,0,0,0,0,0,0,0,0,0,0,0,0,0,0,0,0,0,0,0	//灵气剑
356,0,0,50,0,0,0,3,0,0,none,0,0,0,0,0,0,0,0,0,0,0,0,0,0,0,0,0,0,0,0,0	//双剑挡
357,0,0,14:18:22:26:30,0,0,0,99,0,0,none,0,0,0,0,0,0,0,0,0,0,0,0,0,0,0,0,0,0,0,0,0	//集中攻击
358,0,0,15,0,0,0,99,0,0,none,0,0,0,0,0,0,0,0,0,0,0,0,0,0,0,0,0,0,0,0,0	//极速回复
359,0,0,200,0,0,0,99,0,0,none,0,0,0,0,0,0,0,0,0,0,0,0,0,0,0,0,0,0,0,0,0	//狂怒之枪
361,0,0,20:30:40:50:60,0,0,0,99,0,0,none,0,0,0,0,0,0,0,0,0,0,0,0,0,0,0,0,0,0,0,0,0	//圣母之祈福
362,0,0,80:90:100:110:120,0,0,0,99,0,0,none,0,715,1,716,1,717,1,523,1,0,0,0,0,0,0,0,0,0,0,0,0	//神圣殿堂

365,0,0,8,0,0,0,99,0,0,none,0,0,0,0,0,0,0,0,0,0,0,0,0,0,0,0,0,0,0,0,0	//魔击术
366,0,0,14:18:22:26:30:34:38:42:46:50,0,0,0,99,0,0,none,0,0,0,0,0,0,0,0,0,0,0,0,0,0,0,0,0,0,0,0,0	//魔力增幅
367,0,0,30:35:40:45:50,0,0,0,99,0,0,none,0,0,0,0,0,0,0,0,0,0,0,0,0,0,0,0,0,0,0,0,0	//神之威压
368,0,0,100,0,0,0,99,0,0,none,0,0,0,0,0,0,0,0,0,0,0,0,0,0,0,0,0,0,0,0,0	//舍命攻击
369,0,0,80:80:80:80:80:100:100:100:100:100,0,0,0,99,0,0,none,0,0,0,0,0,0,0,0,0,0,0,0,0,0,0,0,0,0,0,0,0	//圣音
370,0,0,2:4:6:8:10,0,0,0,99,0,0,explosionspirits,0,0,0,0,0,0,0,0,0,0,0,0,0,0,0,0,0,0,0,0,0	//猛虎硬爬山
371,0,0,4:6:8:10:12,0,0,0,99,0,0,none,1,0,0,0,0,0,0,0,0,0,0,0,0,0,0,0,0,0,0,0,0	//伏虎拳
372,0,0,4:6:8:10:12:14:16:18:20:22,0,0,0,99,0,0,none,2,0,0,0,0,0,0,0,0,0,0,0,0,0,0,0,0,0,0,0,0	//气绝崩击
373,0,0,1:2:3:4:5,0,0,0,99,0,0,none,0,0,0,0,0,0,0,0,0,0,0,0,0,0,0,0,0,0,0,0,0	//HP转换
374,0,0,5,0,0,0,99,0,0,none,0,0,0,0,0,0,0,0,0,0,0,0,0,0,0,0,0,0,0,0,0	//心神互换
375,0,0,80:90:100:110:120,0,0,0,99,0,0,none,0,0,0,0,0,0,0,0,0,0,0,0,0,0,0,0,0,0,0,0,0	//精神耗弱术

378,0,0,60:70:80:90:100,0,0,0,99,0,0,none,0,678,1,0,0,0,0,0,0,0,0,0,0,0,0,0,0,0,0,0,0	//致命涂毒
379,0,0,20:20:20:20:20:30:30:30:30:30,0,0,0,99,0,0,none,0,0,0,0,0,0,0,0,0,0,0,0,0,0,0,0,0,0,0,0,0	//心灵震波
380,0,0,20:20:25:25:30:30:35:35:40:40,0,0,0,99,0,0,none,0,0,0,0,0,0,0,0,0,0,0,0,0,0,0,0,0,0,0,0,0	//狙杀瞄准
381,0,0,30:34:38:42:46,0,0,0,99,0,0,falcon,0,0,0,0,0,0,0,0,0,0,0,0,0,0,0,0,0,0,0,0,0	//猎鹰突击
382,0,0,18:21:24:27:30,0,0,0,11,1,1,none,0,0,0,0,0,0,0,0,0,0,0,0,0,0,0,0,0,0,0,0,0		//锐利射击
383,0,0,46:52:58:64:70:76:82:88:94:100,0,0,0,99,0,0,none,0,0,0,0,0,0,0,0,0,0,0,0,0,0,0,0,0,0,0,0,0	//风之步
384,0,0,50:50:60:60:70:70:80:80:90:90,0,0,0,99,0,0,none,0,0,0,0,0,0,0,0,0,0,0,0,0,0,0,0,0,0,0,0,0	//野蛮凶砍
385,0,0,5,0,0,0,99,0,0,none,0,0,0,0,0,0,0,0,0,0,0,0,0,0,0,0,0,0,0,0,0	//Create Coins
386,0,0,5,0,0,0,99,0,0,none,0,0,0,0,0,0,0,0,0,0,0,0,0,0,0,0,0,0,0,0,0	//Create Nuggets
387,0,0,20,0,0,0,99,0,0,cart,0,0,0,0,0,0,0,0,0,0,0,0,0,0,0,0,0,0,0,0,0	//手推车加速
388,0,0,20,0,0,0,99,0,0,none,0,7137,1,0,0,0,0,0,0,0,0,0,0,0,0,0,0,0,0,0,0	//Auto Attack System
389,0,0,10,0,0,0,99,0,0,none,0,0,0,0,0,0,0,0,0,0,0,0,0,0,0,0,0,0,0,0,0	//暗影追踪
390,0,0,10:15:20:25:30,0,0,0,99,0,0,none,0,0,0,0,0,0,0,0,0,0,0,0,0,0,0,0,0,0,0,0,0	//霸王魂

394,0,0,12:14:16:18:20:22:24:26:28:30,0,0,0,13:14,1,1,none,0,0,0,0,0,0,0,0,0,0,0,0,0,0,0,0,0,0,0,0,0	//奥义箭乱舞
395,0,0,30:40:50:60:70,0,0,0,13:14,0,0,none,0,0,0,0,0,0,0,0,0,0,0,0,0,0,0,0,0,0,0,0,0	//落花伴着月光下的水车小屋
396,0,0,100,0,0,0,99,0,0,none,0,0,0,0,0,0,0,0,0,0,0,0,0,0,0,0,0,0,0,0,0	//傀儡师的把戏
397,0,0,18:21:24:27:30,0,0,0,4:5,0,0,none,0,0,0,0,0,0,0,0,0,0,0,0,0,0,0,0,0,0,0,0,0	//螺旋击刺
398,0,0,23,0,0,0,99,0,0,none,0,0,0,0,0,0,0,0,0,0,0,0,0,0,0,0,0,0,0,0,0	//伤害增压
399,0,0,12:12:14:14:16:16:18:18:20:20,0,0,0,4:5,0,0,none,0,0,0,0,0,0,0,0,0,0,0,0,0,0,0,0,0,0,0,0,0	//巧打
400,0,0,10:25:40:55:70,0,0,0,99,0,0,none,0,0,0,0,0,0,0,0,0,0,0,0,0,0,0,0,0,0,0,0,0	//念力连击
401,0,0,20,0,0,0,99,0,0,none,0,0,0,0,0,0,0,0,0,0,0,0,0,0,0,0,0,0,0,0,0	//狂蓄气
402,0,0,12:15:18:21:24,0,0,0,99,0,0,none,0,0,0,0,0,0,0,0,0,0,0,0,0,0,0,0,0,0,0,0,0	//精神撼动
403,0,0,1,0,0,0,99,0,0,none,0,0,0,0,0,0,0,0,0,0,0,0,0,0,0,0,0,0,0,0,0	//速读术
404,0,0,25,0,0,0,99,0,0,none,0,0,0,0,0,0,0,0,0,0,0,0,0,0,0,0,0,0,0,0,0	//薄雾墙
405,0,0,50,0,0,0,99,0,0,none,0,1025,1,0,0,0,0,0,0,0,0,0,0,0,0,0,0,0,0,0,0	//易燃之网
406,0,0,10:12:14:16:18:20:22:24:26:28,0,0,0,99,0,0,none,0,0,0,0,0,0,0,0,0,0,0,0,0,0,0,0,0,0,0,0,0	//黑暗瞬间
407,0,0,50,0,0,0,99,0,0,none,0,0,0,0,0,0,0,0,0,0,0,0,0,0,0,0,0,0,0,0,0	//毒液制作
408,0,0,1,0,-10,0,99,0,0,none,0,0,0,0,0,0,0,0,0,0,0,0,0,0,0,0,0,0,0,0,0	//爸妈我爱您
409,0,0,1,0,0,0,99,0,0,none,0,0,0,0,0,0,0,0,0,0,0,0,0,0,0,0,0,0,0,0,0	//爸妈我想念您
410,0,0,1,0,0,0,99,0,0,none,0,0,0,0,0,0,0,0,0,0,0,0,0,0,0,0,0,0,0,0,0	//宝贝请来这里
411,0,0,100:90:80:70:60:50:40:30:20:10,0,0,0,99,0,0,move_enable,0,0,0,0,0,0,0,0,0,0,0,0,0,0,0,0,0,0,0,0,0	//跑步
412,0,0,1,0,0,0,99,0,0,none,0,0,0,0,0,0,0,0,0,0,0,0,0,0,0,0,0,0,0,0,0	//回旋准备
413,0,0,14:12:10:8:6:4:2,0,0,0,99,0,0,none,0,0,0,0,0,0,0,0,0,0,0,0,0,0,0,0,0,0,0,0,0	//回旋踢
414,0,0,1,0,0,0,99,0,0,none,0,0,0,0,0,0,0,0,0,0,0,0,0,0,0,0,0,0,0,0,0	//砸踢准备
415,0,0,14:12:10:8:6:4:2,0,0,0,99,0,0,none,0,0,0,0,0,0,0,0,0,0,0,0,0,0,0,0,0,0,0,0,0	//砸踢
416,0,0,1,0,0,0,99,0,0,none,0,0,0,0,0,0,0,0,0,0,0,0,0,0,0,0,0,0,0,0,0	//踢准备
417,0,0,14:12:10:8:6:4:2,0,0,0,99,0,0,none,0,0,0,0,0,0,0,0,0,0,0,0,0,0,0,0,0,0,0,0,0	//转身踢
418,0,0,1,0,0,0,99,0,0,none,0,0,0,0,0,0,0,0,0,0,0,0,0,0,0,0,0,0,0,0,0	//还击准备
419,0,0,14:12:10:8:6:4:2,0,0,0,99,0,0,none,0,0,0,0,0,0,0,0,0,0,0,0,0,0,0,0,0,0,0,0,0	//还击踢KICK
420,0,0,1,0,0,0,99,0,0,none,0,0,0,0,0,0,0,0,0,0,0,0,0,0,0,0,0,0,0,0,0	//落法
421,0,0,70:60:50:40:30:20:10,0,0,0,99,0,0,none,0,0,0,0,0,0,0,0,0,0,0,0,0,0,0,0,0,0,0,0,0	//飞脚踢

425,0,0,20:20:20:20:50:50:50,0,0,0,99,0,0,none,0,0,0,0,0,0,0,0,0,0,0,0,0,0,0,0,0,0,0,0,0	//温暖的风
426,0,0,50,0,0,0,99,0,0,none,0,0,0,0,0,0,0,0,0,0,0,0,0,0,0,0,0,0,0,0,0	//跳高

427,0,0,100,0,0,0,99,0,0,none,0,0,0,0,0,0,0,0,0,0,0,0,0,0,0,0,0,0,0,0,0	//太阳和月亮和星星的感觉
428,0,0,20,0,0,0,99,0,0,none,0,0,0,0,0,0,0,0,0,0,0,0,0,0,0,0,0,0,0,0,0	//太阳的温暖
429,0,0,20,0,0,0,99,0,0,none,0,0,0,0,0,0,0,0,0,0,0,0,0,0,0,0,0,0,0,0,0	//月亮的温暖
430,0,0,10,0,0,0,99,0,0,none,0,0,0,0,0,0,0,0,0,0,0,0,0,0,0,0,0,0,0,0,0	//星星的温暖
431,0,0,70:60:50:40,0,0,0,99,0,0,none,0,0,0,0,0,0,0,0,0,0,0,0,0,0,0,0,0,0,0,0,0	//太阳的平安感
432,0,0,70:60:50:40,0,0,0,99,0,0,none,0,0,0,0,0,0,0,0,0,0,0,0,0,0,0,0,0,0,0,0,0	//月亮的平安感
433,0,0,70:60:50:40,0,0,0,99,0,0,none,0,0,0,0,0,0,0,0,0,0,0,0,0,0,0,0,0,0,0,0,0	//星星的平安感
434,0,0,100,0,0,0,99,0,0,none,0,0,0,0,0,0,0,0,0,0,0,0,0,0,0,0,0,0,0,0,0	//太阳和月亮和星星的憎恶
444,0,0,100,0,0,0,99,0,0,none,0,0,0,0,0,0,0,0,0,0,0,0,0,0,0,0,0,0,0,0,0	//太阳和月亮和星星的融合

445,0,0,460:360:260:160:60,0,0,0,99,0,0,none,0,0,0,0,0,0,0,0,0,0,0,0,0,0,0,0,0,0,0,0,0	//炼金术师的灵魂
446,0,0,10,0,8,0,99,0,0,none,0,657,2,0,0,0,0,0,0,0,0,0,0,0,0,0,0,0,0,0,0	//菠色克投掷
447,0,0,460:360:260:160:60,0,0,0,99,0,0,none,0,0,0,0,0,0,0,0,0,0,0,0,0,0,0,0,0,0,0,0,0	//武道家的灵魂
448,0,0,460:360:260:160:60,0,0,0,99,0,0,none,0,0,0,0,0,0,0,0,0,0,0,0,0,0,0,0,0,0,0,0,0	//拳圣的灵魂
449,0,0,460:360:260:160:60,0,0,0,99,0,0,none,0,0,0,0,0,0,0,0,0,0,0,0,0,0,0,0,0,0,0,0,0	//贤者的灵魂
450,0,0,460:360:260:160:60,0,0,0,99,0,0,none,0,0,0,0,0,0,0,0,0,0,0,0,0,0,0,0,0,0,0,0,0	//十字军的灵魂
451,0,0,460:360:260:160:60,0,0,0,99,0,0,none,0,0,0,0,0,0,0,0,0,0,0,0,0,0,0,0,0,0,0,0,0	//超级初学者的灵魂
452,0,0,460:360:260:160:60,0,0,0,99,0,0,none,0,0,0,0,0,0,0,0,0,0,0,0,0,0,0,0,0,0,0,0,0	//骑士的灵魂
453,0,0,460:360:260:160:60,0,0,0,99,0,0,none,0,0,0,0,0,0,0,0,0,0,0,0,0,0,0,0,0,0,0,0,0	//巫师的灵魂
454,0,0,460:360:260:160:60,0,0,0,99,0,0,none,0,0,0,0,0,0,0,0,0,0,0,0,0,0,0,0,0,0,0,0,0	//祭司的灵魂
455,0,0,460:360:260:160:60,0,0,0,99,0,0,none,0,0,0,0,0,0,0,0,0,0,0,0,0,0,0,0,0,0,0,0,0	//吟游诗人和舞娘的灵魂
456,0,0,460:360:260:160:60,0,0,0,99,0,0,none,0,0,0,0,0,0,0,0,0,0,0,0,0,0,0,0,0,0,0,0,0	//流氓的灵魂
457,0,0,460:360:260:160:60,0,0,0,99,0,0,none,0,0,0,0,0,0,0,0,0,0,0,0,0,0,0,0,0,0,0,0,0	//刺客的灵魂
458,0,0,460:360:260:160:60,0,0,0,99,0,0,none,0,0,0,0,0,0,0,0,0,0,0,0,0,0,0,0,0,0,0,0,0	//铁匠的灵魂
459,0,0,64,0,0,0,0:1:2:3:4:5:6:7:8:9:10:12:13:14:15:16,0,0,none,0,0,0,0,0,0,0,0,0,0,0,0,0,0,0,0,0,0,0,0,0	//所有速度激发
460,0,0,460:360:260:160:60,0,0,0,99,0,0,none,0,0,0,0,0,0,0,0,0,0,0,0,0,0,0,0,0,0,0,0,0	//猎人的灵魂
461,0,0,460:360:260:160:60,0,0,0,99,0,0,none,0,0,0,0,0,0,0,0,0,0,0,0,0,0,0,0,0,0,0,0,0	//悟灵士的灵魂
462,0,0,120:110:100:90:80:70:60,0,0,0,99,0,0,none,0,0,0,0,0,0,0,0,0,0,0,0,0,0,0,0,0,0,0,0,0 //凯易哲
463,0,0,30,0,0,0,99,0,0,none,0,0,0,0,0,0,0,0,0,0,0,0,0,0,0,0,0,0,0,0,0 //凯阿希
464,0,0,20:30:40,0,0,0,99,0,0,none,0,0,0,0,0,0,0,0,0,0,0,0,0,0,0,0,0,0,0,0,0 //凯诬仆
465,0,0,70,0,0,0,99,0,0,none,0,0,0,0,0,0,0,0,0,0,0,0,0,0,0,0,0,0,0,0,0 //凯易特
467,0,0,18:20:22:24:26:28:30,0,0,0,99,0,0,none,0,0,0,0,0,0,0,0,0,0,0,0,0,0,0,0,0,0,0,0,0	//艾斯提
468,0,0,18:20:22:24:26:28:30,0,0,0,99,0,0,none,0,0,0,0,0,0,0,0,0,0,0,0,0,0,0,0,0,0,0,0,0	//艾斯敦
469,0,0,8:16:24:32:40:48:56:64:72:80,0,0,0,99,0,0,none,0,0,0,0,0,0,0,0,0,0,0,0,0,0,0,0,0,0,0,0,0	//艾斯麻
470,0,0,75:65:55:45:35:25:15,0,0,0,99,0,0,none,0,0,0,0,0,0,0,0,0,0,0,0,0,0,0,0,0,0,0,0,0 //艾斯诬
471,0,0,55:35:15,0,0,0,99,0,0,none,0,0,0,0,0,0,0,0,0,0,0,0,0,0,0,0,0,0,0,0,0 //艾斯克
472,0,0,100:80:60,0,0,0,99,0,0,none,0,0,0,0,0,0,0,0,0,0,0,0,0,0,0,0,0,0,0,0,0 //艾斯卡

475,0,0,30,0,0,0,99,0,0,none,0,0,0,0,0,0,0,0,0,0,0,0,0,0,0,0,0,0,0,0,0	//自由保护
476,0,0,22:24:26:28:30,0,0,0,99,0,0,none,0,0,0,0,0,0,0,0,0,0,0,0,0,0,0,0,0,0,0,0,0	//所有卸除
477,0,0,5,0,0,0,99,0,0,none,0,0,0,0,0,0,0,0,0,0,0,0,0,0,0,0,0,0,0,0,0	//武器精练
478,0,0,30,0,0,0,99,0,0,none,0,545,1,545,1,545,1,545,1,545,1,546,1,546,1,546,1,546,1,547,1	//纤细药水投掷
479,0,0,40,0,0,0,99,0,0,none,0,7139,1,0,0,0,0,0,0,0,0,0,0,0,0,0,0,0,0,0,0	//所有化学武器保护
480,0,0,28:31:34:37:40,0,0,0,99,0,0,shield,0,0,0,0,0,0,0,0,0,0,0,0,0,0,0,0,0,0,0,0,0	//连续盾击

482,0,0,40:45:50:55:60,0,0,0,99,0,0,none,0,0,0,0,0,0,0,0,0,0,0,0,0,0,0,0,0,0,0,0,0	//双倍投掷
483,0,0,40,0,0,0,99,0,0,none,0,715,1,717,1,0,0,0,0,0,0,0,0,0,0,0,0,0,0,0,0	//咖般塔音
484,0,0,20:40:60:80:100,0,0,0,99,0,0,none,0,717,1,0,0,0,0,0,0,0,0,0,0,0,0,0,0,0,0,0,0	//重力原野
485,0,0,15,0,0,600:700:800:900:1000:1100:1200:1300:1400:1500,0:1:2:3:4:5:6:7:8:9:10:12:13:14:15:16:17:18:19:20:21:22,0,0,cartboost,0,0,0,0,0,0,0,0,0,0,0,0,0,0,0,0,0,0,0,0,0	//手推车终结技
486,0,0,15,0,0,3000:3500:4000:4500:5000,0:1:2:3:4:5:6:7:8:9:10:12:13:14:15:16:17:18:19:20:21:22,0,0,none,0,0,0,0,0,0,0,0,0,0,0,0,0,0,0,0,0,0,0,0,0	//凶砍最大值
487,0,0,15,0,0,0,99,0,0,none,0,0,0,0,0,0,0,0,0,0,0,0,0,0,0,0,0,0,0,0,0	//不要拘束我
488,0,0,20:30:40:50:60,0,0,0,13:14,0,0,none,0,0,0,0,0,0,0,0,0,0,0,0,0,0,0,0,0,0,0,0,0	//海罗默德的手杖
489,0,0,40,0,0,0,99,0,0,none,0,0,0,0,0,0,0,0,0,0,0,0,0,0,0,0,0,0,0,0,0	//命运的塔罗牌
490,0,0,30,0,0,0,99,0,0,none,0,7135,1,7136,1,0,0,0,0,0,0,0,0,0,0,0,0,0,0,0,0	//强酸火烟瓶投掷
491,0,0,10,0,0,0,99,0,0,none,0,921,1,905,1,0,0,0,0,0,0,0,0,0,0,0,0,0,0,0,0	//植物栽培
492,0,0,1,0,0,0,99,0,0,none,0,0,0,0,0,0,0,0,0,0,0,0,0,0,0,0,0,0,0,0,0	//武器属性附加
493,0,0,10,0,0,0,99,0,0,none,0,0,0,0,0,0,0,0,0,0,0,0,0,0,0,0,0,0,0,0,0	//太拳任务
494,0,0,460:360:260:160:60,0,0,0,99,0,0,none,0,0,0,0,0,0,0,0,0,0,0,0,0,0,0,0,0,0,0,0,0	//一转上等职业的灵魂
495,0,0,100,0,0,0,2,0,0,none,0,0,0,0,0,0,0,0,0,0,0,0,0,0,0,0,0,0,0,0,0	//单手剑攻击速度增加
496,0,0,200,0,0,0,99,0,0,none,0,7134,200,0,0,0,0,0,0,0,0,0,0,0,0,0,0,0,0,0,0	//宽广配药
497,0,0,200,0,0,0,99,0,0,none,0,7134,200,0,0,0,0,0,0,0,0,0,0,0,0,0,0,0,0,0,0	//宽广配药
498,0,0,200,0,0,0,99,0,0,none,0,7134,200,0,0,0,0,0,0,0,0,0,0,0,0,0,0,0,0,0,0	//宽广配药
499,0,0,8,0,0,0,11,1,1,none,0,0,0,0,0,0,0,0,0,0,0,0,0,0,0,0,0,0,0,0,0	//动物猛击
500,0,0,2,0,0,1,99,0,0,none,0,0,0,0,0,0,0,0,0,0,0,0,0,0,0,0,0,0,0,0,0	//装满硬币
501,0,0,10,0,0,0,99,0,0,none,5,0,0,0,0,0,0,0,0,0,0,0,0,0,0,0,0,0,0,0,0	//投掷硬币
502,0,0,20,0,0,0,99,99,1,none,1,0,0,0,0,0,0,0,0,0,0,0,0,0,0,0,0,0,0,0,0	//三连攻击
503,0,0,30,0,0,0,99,99,1,none,1,0,0,0,0,0,0,0,0,0,0,0,0,0,0,0,0,0,0,0,0	//公牛之眼
504,0,0,30,0,0,0,99,0,0,none,4,0,0,0,0,0,0,0,0,0,0,0,0,0,0,0,0,0,0,0,0	//疯狂凯斯乐
505,0,0,15,0,0,0,99,0,0,none,2,0,0,0,0,0,0,0,0,0,0,0,0,0,0,0,0,0,0,0,0	//终极闪躲
506,0,0,30,0,0,0,99,0,0,none,4,0,0,0,0,0,0,0,0,0,0,0,0,0,0,0,0,0,0,0,0	//命中率递增
507,0,0,7,0,0,0,99,0,0,none,1,0,0,0,0,0,0,0,0,0,0,0,0,0,0,0,0,0,0,0,0	//魔术弹
508,0,0,10,0,0,0,99,99,1,none,1,0,0,0,0,0,0,0,0,0,0,0,0,0,0,0,0,0,0,0,0	//轰然巨响
512,0,0,15:20:25:30:35:40:45:50:55:60,0,0,0,17:18,3,1,none,0,0,0,0,0,0,0,0,0,0,0,0,0,0,0,0,0,0,0,0,0	//百步穿杨
513,0,0,15:20:25:30:35,0,0,0,17:18,3,1,none,0,0,0,0,0,0,0,0,0,0,0,0,0,0,0,0,0,0,0,0,0	//抛戈卸甲
514,0,0,11:12:13:14:15,0,0,0,17:18,3,1,none,0,0,0,0,0,0,0,0,0,0,0,0,0,0,0,0,0,0,0,0,0	//霹雳弹
515,0,0,22:24:26:28:30:32:34:36:38:40,0,0,0,17,3,5,none,0,0,0,0,0,0,0,0,0,0,0,0,0,0,0,0,0,0,0,0,0	//五连击
516,0,0,32:34:36:38:40:42:44:46:48:50,0,0,0,17,3,10,none,0,0,0,0,0,0,0,0,0,0,0,0,0,0,0,0,0,0,0,0,0	//亡命之徒
517,0,0,30:32:34:36:38:40:42:44:46:48,0,0,0,19,0,0,none,0,0,0,0,0,0,0,0,0,0,0,0,0,0,0,0,0,0,0,0,0	//格林狂热
518,0,0,3:6:9:12:15:18:21:24:27:30,0,0,0,20,3,1,none,0,0,0,0,0,0,0,0,0,0,0,0,0,0,0,0,0,0,0,0,0	//弹片四射
519,0,0,20:25:30:35:40:45:50:55:60:65,0,0,0,20,3,2:2:4:4:6:6:8:8:10:10,none,0,0,0,0,0,0,0,0,0,0,0,0,0,0,0,0,0,0,0,0,0	//全面破坏
520,0,0,15:20:25:30:35:40:45:50:55:60,0,0,0,20,3,5,none,0,0,0,0,0,0,0,0,0,0,0,0,0,0,0,0,0,0,0,0,0	//火力全开
521,0,0,4:8:12:16:20:24:28:32:36:40,0,0,0,21,5,1,none,0,0,0,0,0,0,0,0,0,0,0,0,0,0,0,0,0,0,0,0,0	//四面埋伏
523,0,0,2,0,0,0,99,6,1,none,0,0,0,0,0,0,0,0,0,0,0,0,0,0,0,0,0,0,0,0,0	//投掷飞镖
524,0,0,30:25:20:15:10,0,0,0,99,7,1,none,0,0,0,0,0,0,0,0,0,0,0,0,0,0,0,0,0,0,0,0,0	//投掷飞刀
525,0,0,20:25:30:35:40,0,0,0,22,0,0,none,0,0,0,0,0,0,0,0,0,0,0,0,0,0,0,0,0,0,0,0,0	//投掷风魔飞镖
526,0,0,50,0,0,500:1000:1500:2000:2500:3000:3500:4000:4500:5000,99,0,0,none,0,0,0,0,0,0,0,0,0,0,0,0,0,0,0,0,0,0,0,0,0	//投掷金钱
527,0,0,15,0,0,0,99,0,0,none,0,0,0,0,0,0,0,0,0,0,0,0,0,0,0,0,0,0,0,0,0	//榻榻米攻击
528,0,0,10:12:14:16:18:20:22:24:26:28,0,0,0,99,0,0,none,0,0,0,0,0,0,0,0,0,0,0,0,0,0,0,0,0,0,0,0,0	//影子跳跃
529,0,0,10,0,0,0,99,0,0,hiding,0,0,0,0,0,0,0,0,0,0,0,0,0,0,0,0,0,0,0,0,0	//雾里砍劈
530,0,0,14:16:18:20:22,0,0,0,99,0,0,hiding,0,0,0,0,0,0,0,0,0,0,0,0,0,0,0,0,0,0,0,0,0	//隐身攻击
531,0,0,12:15:18:21:24,0,0,0,99,0,0,none,0,0,0,0,0,0,0,0,0,0,0,0,0,0,0,0,0,0,0,0,0	//金蝉脱壳
532,0,0,30:32:34:36:38:40:42:44:46:48,0,0,0,99,0,0,none,0,7524,1,0,0,0,0,0,0,0,0,0,0,0,0,0,0,0,0,0,0	//幻影分身
533,0,0,10,0,0,0,99,0,0,none,0,0,0,0,0,0,0,0,0,0,0,0,0,0,0,0,0,0,0,0,0	//忍术修练
534,0,0,18:20:22:24:26:28:30:32:34:36,0,0,0,99,0,0,none,0,0,0,0,0,0,0,0,0,0,0,0,0,0,0,0,0,0,0,0,0	//火炎花
535,0,0,25,0,0,0,99,0,0,none,0,7521,1,0,0,0,0,0,0,0,0,0,0,0,0,0,0,0,0,0,0	//火炎阵
536,0,0,20:25:30:35:40,0,0,0,99,0,0,none,0,7521,1,0,0,0,0,0,0,0,0,0,0,0,0,0,0,0,0,0,0	//爆炎龙
537,0,0,15:18:21:24:27:30:33:36:39:42,0,0,0,99,0,0,none,0,0,0,0,0,0,0,0,0,0,0,0,0,0,0,0,0,0,0,0,0	//冰闪枪
538,0,0,15:18:21:24:27:30:33:36:39:42,0,0,0,99,0,0,none,0,7522,1,0,0,0,0,0,0,0,0,0,0,0,0,0,0,0,0,0,0	//水钝
539,0,0,40:45:50:55:60,0,0,0,99,0,0,none,0,7522,1,0,0,0,0,0,0,0,0,0,0,0,0,0,0,0,0,0,0	//冰晶落
540,0,0,12:14:16:18:20:22:24:26:28:30,0,0,0,99,0,0,none,0,0,0,0,0,0,0,0,0,0,0,0,0,0,0,0,0,0,0,0,0	//风刃
541,0,0,16:20:24:28:32,0,0,0,99,0,0,none,0,7523,1,0,0,0,0,0,0,0,0,0,0,0,0,0,0,0,0,0,0	//雷击碎
542,0,0,24:28:32:36:40,0,0,0,99,0,0,none,0,7523,1,0,0,0,0,0,0,0,0,0,0,0,0,0,0,0,0,0,0	//朔风
543,0,0,20:30:40:50:60,-5,0,0,99,0,0,none,0,0,0,0,0,0,0,0,0,0,0,0,0,0,0,0,0,0,0,0,0	//念
544,0,0,55:60:65:70:75:80:85:90:95:100,0,0,0,99,0,0,none,0,0,0,0,0,0,0,0,0,0,0,0,0,0,0,0,0,0,0,0,0	//一闪击

1001,0,0,40,0,0,0,99,0,0,none,0,0,0,0,0,0,0,0,0,0,0,0,0,0,0,0,0,0,0,0,0	//冲锋攻击
1002,0,0,15,0,0,0,99,0,0,shield,0,0,0,0,0,0,0,0,0,0,0,0,0,0,0,0,0,0,0,0,0	//退缩
1004,0,0,15,0,0,0,99,2,1,none,0,0,0,0,0,0,0,0,0,0,0,0,0,0,0,0,0,0,0,0,0	//毒刃
1005,0,0,25,0,0,0,99,0,0,none,0,0,0,0,0,0,0,0,0,0,0,0,0,0,0,0,0,0,0,0,0	//紧密的约束
1006,0,0,40,0,0,0,99,0,0,none,0,0,0,0,0,0,0,0,0,0,0,0,0,0,0,0,0,0,0,0,0	//火狩芽
1007,0,0,30,0,0,0,99,0,0,none,0,0,0,0,0,0,0,0,0,0,0,0,0,0,0,0,0,0,0,0,0	//元素肯贝特 制作
1008,0,0,30,0,0,0,99,0,0,none,0,12115,1,0,0,0,0,0,0,0,0,0,0,0,0,0,0,0,0,0,0	//元素更换(水)
1009,0,0,10,0,0,0,11,0,0,none,0,0,0,0,0,0,0,0,0,0,0,0,0,0,0,0,0,0,0,0,0	//幻影箭
1010,0,0,20,0,0,0,99,0,0,none,0,0,0,0,0,0,0,0,0,0,0,0,0,0,0,0,0,0,0,0,0	//阵痛之声
1011,0,0,40,0,0,0,99,0,0,none,0,0,0,0,0,0,0,0,0,0,0,0,0,0,0,0,0,0,0,0,0	//眨眼之诱
1013,0,0,10,0,0,0,99,0,0,none,0,0,0,0,0,0,0,0,0,0,0,0,0,0,0,0,0,0,0,0,0	//贪婪
1014,0,0,400,0,0,0,99,0,0,none,0,0,0,0,0,0,0,0,0,0,0,0,0,0,0,0,0,0,0,0,0	//舍身取义
1015,0,0,40,0,0,0,99,0,0,none,1,0,0,0,0,0,0,0,0,0,0,0,0,0,0,0,0,0,0,0,0	//振气注入
1016,10,0,20,0,0,0,99,0,0,none,0,0,0,0,0,0,0,0,0,0,0,0,0,0,0,0,0,0,0,0,0	//发劲
1017,0,0,30,0,0,0,99,0,0,none,0,12116,1,0,0,0,0,0,0,0,0,0,0,0,0,0,0,0,0,0,0	//元素更换(地)
1018,0,0,30,0,0,0,99,0,0,none,0,12114,1,0,0,0,0,0,0,0,0,0,0,0,0,0,0,0,0,0,0	//元素更换(火)
1019,0,0,30,0,0,0,99,0,0,none,0,12117,1,0,0,0,0,0,0,0,0,0,0,0,0,0,0,0,0,0,0	//元素更换(风)

//3rd Class Skills.
//-- Rune Knight --
2001,0,0,40:45:50:55:60,0,0,0,1:2:3:4:5,0,0,none,0,0,0,0,0,0,0,0,0,0,0,0,0,0,0,0,0,0,0,0,0	//RK_ENCHANTBLADE#Enchant Blade#
2002,0,0,30:35:40:45:50,0,0,0,99,0,0,none,0,0,0,0,0,0,0,0,0,0,0,0,0,0,0,0,0,0,0,0,0		//RK_SONICWAVE#Sonic Wave#
2003,0,0,28:31:34:37:40:43:46:49:52:55,0,0,0,99,0,0,none,0,0,0,0,0,0,0,0,0,0,0,0,0,0,0,0,0,0,0,0,0	//RK_DEATHBOUND#Death Bound#
2004,0,0,60,0,0,0,4:5,0,0,none,0,0,0,0,0,0,0,0,0,0,0,0,0,0,0,0,0,0,0,0,0			//RK_HUNDREDSPEAR#Hundred Spear#
2005,0,0,20:24:28:32:36,0,0,0,99,0,0,none,0,0,0,0,0,0,0,0,0,0,0,0,0,0,0,0,0,0,0,0,0		//RK_WINDCUTTER#Wind Cutter#
2006,0,0,35:40:45:50:55,0,0,0,99,0,0,none,0,0,0,0,0,0,0,0,0,0,0,0,0,0,0,0,0,0,0,0,0		//RK_IGNITIONBREAK#Ignition Break#
2008,0,0,30:35:40:45:50:55:60:65:70:75,0,0,0,99,0,0,ridingdragon,0,0,0,0,0,0,0,0,0,0,0,0,0,0,0,0,0,0,0,0,0	//RK_DRAGONBREATH#Dragon Breath#
2009,0,0,1,0,0,0,99,0,0,ridingdragon,0,0,0,0,0,0,0,0,0,0,0,0,0,0,0,0,0,0,0,0,0			//RK_DRAGONHOWLING#Dragon Howling#
2020,0,0,15:18:21:24:27,0,0,0,4:5,0,0,none,0,0,0,0,0,0,0,0,0,0,0,0,0,0,0,0,0,0,0,0,0		//RK_PHANTOMTHRUST#Phantom Thrust#

//-- Guillotine Cross --
2021,0,0,12:16:20:24:28,0,0,0,99,0,0,none,0,0,0,0,0,0,0,0,0,0,0,0,0,0,0,0,0,0,0,0,0		//GC_VENOMIMPRESS#Venom Impress#
2022,0,0,16:18:20:22:24,0,0,0,99,0,0,none,0,0,0,0,0,0,0,0,0,0,0,0,0,0,0,0,0,0,0,0,0		//GC_CROSSIMPACT#Cross Impact#
2023,0,0,40,0,0,0,99,0,0,none,0,0,0,0,0,0,0,0,0,0,0,0,0,0,0,0,0,0,0,0,0				//GC_DARKILLUSION#Dark Illusion#
2025,0,0,10,0,0,0,99,0,0,none,0,0,0,0,0,0,0,0,0,0,0,0,0,0,0,0,0,0,0,0,0				//GC_CREATENEWPOISON#Create New Poison#
2026,0,0,10,0,0,0,99,0,0,none,0,6128,1,0,0,0,0,0,0,0,0,0,0,0,0,0,0,0,0,0,0			//GC_ANTIDOTE#Andtidote#
2027,0,0,20:24:28:32:36,0,0,0,99,0,0,none,0,0,0,0,0,0,0,0,0,0,0,0,0,0,0,0,0,0,0,0,0		//GC_POISONINGWEAPON#Poisoning Weapon#
2028,0,0,40:36:32:28:24,0,0,0,99,0,0,none,0,0,0,0,0,0,0,0,0,0,0,0,0,0,0,0,0,0,0,0,0		//GC_WEAPONBLOCKING#Weapon Blocking#
2029,0,0,5:8:11:14:17,0,0,0,99,0,0,none,0,0,0,0,0,0,0,0,0,0,0,0,0,0,0,0,0,0,0,0,0		//GC_COUNTERSLASH#Counter Slash#
2030,0,0,10,0,0,0,99,0,0,none,0,0,0,0,0,0,0,0,0,0,0,0,0,0,0,0,0,0,0,0,0				//GC_WEAPONCRUSH#Weapon Crush#
2031,0,0,10,0,0,0,99,0,0,none,0,0,0,0,0,0,0,0,0,0,0,0,0,0,0,0,0,0,0,0,0				//GC_VENOMPRESSURE#Venom Pressure#
2032,0,0,10,0,0,0,99,0,0,none,0,0,0,0,0,0,0,0,0,0,0,0,0,0,0,0,0,0,0,0,0				//GC_POISONSMOKE#Poison Smoke#
2033,0,0,10,0,0,0,99,0,0,none,0,0,0,0,0,0,0,0,0,0,0,0,0,0,0,0,0,0,0,0,0				//GC_CLOAKINGEXCEED#Cloaking Exceed#
2034,0,0,10,0,0,0,99,0,0,none,0,0,0,0,0,0,0,0,0,0,0,0,0,0,0,0,0,0,0,0,0				//GC_PHANTOMMENACE#Phantom Menace#
2035,0,0,1,-10,0,0,99,0,0,none,0,0,0,0,0,0,0,0,0,0,0,0,0,0,0,0,0,0,0,0,0			//GC_HALLUCINATIONWALK#Hallucination Walk#
2036,0,0,5,0,0,0,16,0,0,none,0,0,0,0,0,0,0,0,0,0,0,0,0,0,0,0,0,0,0,0,0				//GC_ROLLINGCUTTER#Rolling Cutter#
2037,0,0,20:24:28:32:36,0,0,0,16,0,0,none,0,0,0,0,0,0,0,0,0,0,0,0,0,0,0,0,0,0,0,0,0		//GC_CROSSRIPPERSLASHER#Cross Ripper Slasher#

//-- Arch Bishop --
2038,0,0,30:33:36:39:42,0,0,0,99,0,0,none,0,0,0,0,0,0,0,0,0,0,0,0,0,0,0,0,0,0,0,0,0		//AB_JUDEX#Judex#
2039,0,0,20,0,0,0,99,0,0,none,0,0,0,0,0,0,0,0,0,0,0,0,0,0,0,0,0,0,0,0,0				//AB_ANCILLA#Ancilla#
2040,0,0,20:24:28:32:36:40:44:48:52:56,0,0,0,99,0,0,none,0,717,1,0,0,0,0,0,0,0,0,0,0,0,0,0,0,0,0,0,0		//AB_ADORAMUS#Adoramus#	
2041,0,0,200:220:240,0,0,0,99,0,0,none,0,0,0,0,0,0,0,0,0,0,0,0,0,0,0,0,0,0,0,0,0		//AB_CLEMENTIA#Clementia# [ipek]	
2042,0,0,145:160:175,0,0,0,99,0,0,none,0,0,0,0,0,0,0,0,0,0,0,0,0,0,0,0,0,0,0,0,0 		//AB_CANTO#Canto Candidus#[Vykimo] & [ipek]
2043,0,0,130:145:160,0,0,0,99,0,0,none,0,0,0,0,0,0,0,0,0,0,0,0,0,0,0,0,0,0,0,0,0 		//AB_CHEAL#Coluceo Heal#
2044,0,0,300,0,0,0,99,0,0,none,0,717,1,12333,1,0,0,0,0,0,0,0,0,0,0,0,0,0,0,0,0 			//AB_EPICLESIS#Epiclesis#
2047,0,0,50:60:70:80,0,0,0,99,0,0,none,0,0,0,0,0,0,0,0,0,0,0,0,0,0,0,0,0,0,0,0,0 		//AB_LAUDAAGNUS#Lauda Agnus#
2048,0,0,50:60:70:80,0,0,0,99,0,0,none,0,0,0,0,0,0,0,0,0,0,0,0,0,0,0,0,0,0,0,0,0 		//AB_LAUDARAMUS#Lauda Ramus#
2045,0,0,7:8:9:10:11:12:13:14:15:16,0,0,0,99,0,0,none,0,0,0,0,0,0,0,0,0,0,0,0,0,0,0,0,0,0,0,0,0		//AB_PRAEFATIO
2046,0,0,35:38:41:44:47:50:53:56:59:62,0,0,0,99,0,0,none,0,0,0,0,0,0,0,0,0,0,0,0,0,0,0,0,0,0,0,0,0	//AB_ORATIO
2050,0,0,70,0,0,0,99,0,0,none,0,0,0,0,0,0,0,0,0,0,0,0,0,0,0,0,0,0,0,0,0				//AB_RENOVATIO
2051,0,0,60:80:100:120:140,0,0,0,99,0,0,none,0,0,0,0,0,0,0,0,0,0,0,0,0,0,0,0,0,0,0,0,0		//AB_HIGHNESSHEAL
2052,0,0,54:60:66:72:78,0,0,0,99,0,0,none,0,0,0,0,0,0,0,0,0,0,0,0,0,0,0,0,0,0,0,0,0		//AB_CLEARANCE
2053,0,0,35:40:45:50:55,0,0,0,99,0,0,none,0,0,0,0,0,0,0,0,0,0,0,0,0,0,0,0,0,0,0,0,0		//AB_EXPIATIO
2054,0,0,55:60:65:70:75:80:85:90:95:100,0,0,0,99,0,0,none,0,0,0,0,0,0,0,0,0,0,0,0,0,0,0,0,0,0,0,0,0	//AB_DUPLELIGHT
2057,0,0,24:28:32:36:40,0,0,0,99,0,0,none,0,0,0,0,0,0,0,0,0,0,0,0,0,0,0,0,0,0,0,0,0		//AB_SILENTIUM
2515,0,0,100:120:140:160:180,0,0,0,99,0,0,none,0,0,0,0,0,0,0,0,0,0,0,0,0,0,0,0,0,0,0,0,0	//AB_SACRAMENT

//-- Warlock --
2201,0,0,50:55:60:65:70,0,0,0,99,0,0,none,0,0,0,0,0,0,0,0,0,0,0,0,0,0,0,0,0,0,0,0,0 		//WL_WHITEIMPRISON#White Imprison#
2202,0,0,30:35:40:45:50,0,0,0,99,0,0,none,0,0,0,0,0,0,0,0,0,0,0,0,0,0,0,0,0,0,0,0,0 		//WL_SOULEXPANSION#Soul Expansion#
2203,0,0,40:48:56:64:72,0,0,0,99,0,0,none,0,0,0,0,0,0,0,0,0,0,0,0,0,0,0,0,0,0,0,0,0 		//WL_FROSTMISTY#Frost Misty#
2204,0,0,50:60:70:80:90,0,0,0,99,0,0,none,0,0,0,0,0,0,0,0,0,0,0,0,0,0,0,0,0,0,0,0,0 		//WL_JACKFROST#Jack Frost#
2205,0,0,40:42:44:46:48,0,0,0,99,0,0,none,0,0,0,0,0,0,0,0,0,0,0,0,0,0,0,0,0,0,0,0,0 		//WL_MARSHOFABYSS#Marsh of Abyss#
2206,0,0,50:60:70:80:90,0,0,0,99,0,0,none,0,0,0,0,0,0,0,0,0,0,0,0,0,0,0,0,0,0,0,0,0 		//WL_RECOGNIZEDSPELL#Recognized Spell#
2207,0,0,32:34:36:38:40,0,0,0,99,0,0,none,0,0,0,0,0,0,0,0,0,0,0,0,0,0,0,0,0,0,0,0,0 		//WL_SIENNAEXECRATE#Sienna Execrate#
2209,0,0,50:60:70:80:90,0,0,0,99,0,0,none,0,0,0,0,0,0,0,0,0,0,0,0,0,0,0,0,0,0,0,0,0 		//WL_STASIS#Stasis#
2210,0,0,20:24:28:32:36,0,0,0,99,0,0,none,0,0,0,0,0,0,0,0,0,0,0,0,0,0,0,0,0,0,0,0,0 		//WL_DRAINLIFE#Drain Life#
2211,0,0,50:60:70:80:90,0,0,0,99,0,0,none,0,0,0,0,0,0,0,0,0,0,0,0,0,0,0,0,0,0,0,0,0 		//WL_CRIMSONROCK#Crimson Rock#
2212,0,0,35:40:45:50:55,0,0,0,99,0,0,none,0,0,0,0,0,0,0,0,0,0,0,0,0,0,0,0,0,0,0,0,0 		//WL_HELLINFERNO#Hell Inferno#
2213,0,0,240:280:320:360:400,0,0,0,99,0,0,none,0,717,2,0,0,0,0,0,0,0,0,0,0,0,0,0,0,0,0,0,0 	//WL_COMET#Comet#
2214,0,0,80:90:100:110:120,0,0,0,99,0,0,none,0,0,0,0,0,0,0,0,0,0,0,0,0,0,0,0,0,0,0,0,0		//WL_CHAINLIGHTNING#Chain Lightning#
2216,0,0,70:78:86:94:102,0,0,0,99,0,0,none,0,0,0,0,0,0,0,0,0,0,0,0,0,0,0,0,0,0,0,0,0 		//WL_EARTHSTRAIN#Earth Strain#
2222,0,0,10:12:14:16:18,0,0,0,99,0,0,none,0,0,0,0,0,0,0,0,0,0,0,0,0,0,0,0,0,0,0,0,0 		//WL_SUMMONFB#Summon Fire Ball#
2223,0,0,10:12:14:16:18,0,0,0,99,0,0,none,0,0,0,0,0,0,0,0,0,0,0,0,0,0,0,0,0,0,0,0,0 		//WL_SUMMONBL#Summon Ball Lightning#
2224,0,0,10:12:14:16:18,0,0,0,99,0,0,none,0,0,0,0,0,0,0,0,0,0,0,0,0,0,0,0,0,0,0,0,0 		//WL_SUMMONWB#Summon Water Ball#
2229,0,0,10:12:14:16:18,0,0,0,99,0,0,none,0,0,0,0,0,0,0,0,0,0,0,0,0,0,0,0,0,0,0,0,0 		//WL_SUMMONSTONE#Summon Stone#
2217,0,0,120:150:180:210:240,0,0,0,99,0,0,none,0,0,0,0,0,0,0,0,0,0,0,0,0,0,0,0,0,0,0,0,0 	//WL_TETRAVORTEX#Tetra Vortex#
2230,0,0,3:20,0,0,0,99,0,0,none,0,0,0,0,0,0,0,0,0,0,0,0,0,0,0,0,0,0,0,0,0 			//WL_RELEASE#Release#
2231,0,0,1,0,0,0,99,0,0,none,0,0,0,0,0,0,0,0,0,0,0,0,0,0,0,0,0,0,0,0,0 				//WL_READING_SB#Reading Spell Book#

//-- Ranger --
2233,0,0,30:32:34:36:38:40:42:46:48,0,0,0,11,1,10,none,0,0,0,0,0,0,0,0,0,0,0,0,0,0,0,0,0,0,0,0,0 //RA_ARROWSTORM#Arrow Storm#
2234,0,0,36:40:44:48:52,0,0,0,11,0,0,none,0,0,0,0,0,0,0,0,0,0,0,0,0,0,0,0,0,0,0,0,0 		 //RA_FEARBREEZE#Fear Breeze#
2236,0,0,30:32:34:36:38:40:42:46:48,0,0,0,11,1,1,none,0,0,0,0,0,0,0,0,0,0,0,0,0,0,0,0,0,0,0,0,0	 //RA_AIMEDBOLT#Aimed Bolt#
2237,0,0,15,0,0,0,99,0,0,none,0,0,0,0,0,0,0,0,0,0,0,0,0,0,0,0,0,0,0,0,0				 //RA_DETONATOR#Detonator#
2238,0,0,1,0,0,0,99,0,0,none,0,7940,1,0,0,0,0,0,0,0,0,0,0,0,0,0,0,0,0,0,0			 //RA_ELECTRICSHOCKER#Electric Shocker#
2239,0,0,1,0,0,0,99,0,0,none,0,7940,1,0,0,0,0,0,0,0,0,0,0,0,0,0,0,0,0,0,0 			 //RA_CLUSTERBOMB#Cluster Bomb#
2240,0,0,5,0,0,0,99,0,0,none,0,6124,1,0,0,0,0,0,0,0,0,0,0,0,0,0,0,0,0,0,0			 //RA_WUGMASTERY#Warg Mastery#
2241,0,0,20,0,0,0,99,0,0,none,0,0,0,0,0,0,0,0,0,0,0,0,0,0,0,0,0,0,0,0,0				 //RA_WUGRIDER#Warg Rider#
2242,0,0,1,0,0,0,99,0,0,move_enable,0,0,0,0,0,0,0,0,0,0,0,0,0,0,0,0,0,0,0,0,0			 //RA_WUGDASH#Warg Dash#
2243,0,0,30:32:34::36,0,0,0,99,0,0,warg,0,0,0,0,0,0,0,0,0,0,0,0,0,0,0,0,0,0,0,0,0		 //RA_WUGSTRIKE#Warg Strike#
2244,0,0,40:44:46:48:50,0,0,0,99,0,0,warg,0,0,0,0,0,0,0,0,0,0,0,0,0,0,0,0,0,0,0,0,0		 //RA_WUGBITE#Warg Bite#
2246,0,0,1,0,0,0,99,0,0,warg,0,0,0,0,0,0,0,0,0,0,0,0,0,0,0,0,0,0,0,0,0				 //RA_SENSITIVEKEEN#Sensitive Keen#
2247,0,0,6:5:4:3:2,0,0,0,99,0,0,none,0,0,0,0,0,0,0,0,0,0,0,0,0,0,0,0,0,0,0,0,0 			 //RA_CAMOUFLAGE#Camouflage#
2249,0,0,1,0,0,0,99,0,0,none,0,7940,1,0,0,0,0,0,0,0,0,0,0,0,0,0,0,0,0,0,0			 //RA_MAGENTATRAP#Magenta Trap#
2250,0,0,1,0,0,0,99,0,0,none,0,7940,1,0,0,0,0,0,0,0,0,0,0,0,0,0,0,0,0,0,0			 //RA_COBALTTRAP#Cobalt Trap#
2251,0,0,1,0,0,0,99,0,0,none,0,7940,1,0,0,0,0,0,0,0,0,0,0,0,0,0,0,0,0,0,0			 //RA_MAIZETRAP#Maize Trap#
2252,0,0,1,0,0,0,99,0,0,none,0,7940,1,0,0,0,0,0,0,0,0,0,0,0,0,0,0,0,0,0,0			 //RA_VERDURETRAP#Verdure Trap#
2253,0,0,1,0,0,0,99,0,0,none,0,7940,1,0,0,0,0,0,0,0,0,0,0,0,0,0,0,0,0,0,0			 //RA_FIRINGTRAP#Firing Trap#
2254,0,0,1,0,0,0,99,0,0,none,0,7940,1,0,0,0,0,0,0,0,0,0,0,0,0,0,0,0,0,0,0			

//-- Mechanic --
2256,0,0,10:15:20:25:30,0,0,0,99,0,0,gear,0,0,0,0,0,0,0,0,0,0,0,0,0,0,0,0,0,0,0,0,0		//NC_BOOSTKNUCKLE#Boost Knuckle#
2257,0,0,50,0,0,0,99,0,0,gear,0,0,0,0,0,0,0,0,0,0,0,0,0,0,0,0,0,0,0,0,0				//NC_PILEBUNKER#Pile Bunker#
2258,0,0,2,0,0,0,99,0,0,gear,0,0,0,0,0,0,0,0,0,0,0,0,0,0,0,0,0,0,0,0,0				//NC_VULCANARM#Vulcan Arm#
2259,0,0,40,0,0,0,99,0,0,gear,0,0,0,0,0,0,0,0,0,0,0,0,0,0,0,0,0,0,0,0,0				//NC_FLAMELAUNCHER#Flame Launcher#
2260,0,0,40,0,0,0,99,0,0,gear,0,0,0,0,0,0,0,0,0,0,0,0,0,0,0,0,0,0,0,0,0			 	//NC_COLDSLOWER#Cold Slower#
2261,0,0,50,0,0,0,99,1,1,gear,0,0,0,0,0,0,0,0,0,0,0,0,0,0,0,0,0,0,0,0,0				//NC_ARMSCANNON#Arms Cannon#
2262,0,0,20:40:60,0,0,0,99,0,0,gear,0,0,0,0,0,0,0,0,0,0,0,0,0,0,0,0,0,0,0,0,0			//NC_ACCELERATION#Acceleration#
2263,0,0,25,0,0,0,99,0,0,gear,0,0,0,0,0,0,0,0,0,0,0,0,0,0,0,0,0,0,0,0,0			 	//NC_HOVERING#Hovering#
2264,0,0,5,0,0,0,99,0,0,gear,0,0,0,0,0,0,0,0,0,0,0,0,0,0,0,0,0,0,0,0,0			 	//NC_F_SIDESLIDE#Front Side Slide#
2265,0,0,5,0,0,0,99,0,0,gear,0,0,0,0,0,0,0,0,0,0,0,0,0,0,0,0,0,0,0,0,0			 	//NC_B_SIDESLIDE#Back Side Slide#
2267,0,0,200,0,0,0,99,0,0,gear,0,0,0,0,0,0,0,0,0,0,0,0,0,0,0,0,0,0,0,0,0			//NC_SELFDESTRUCTION#Self Destruction#
2268,0,0,100,0,0,0,99,0,0,gear,0,0,0,0,0,0,0,0,0,0,0,0,0,0,0,0,0,0,0,0,0			//NC_SHAPESHIFT#Shape Shift#
2269,0,0,20,0,0,0,99,0,0,gear,0,0,0,0,0,0,0,0,0,0,0,0,0,0,0,0,0,0,0,0,0			 	//NC_EMERGENCYCOOL#Emergency Cool#
2270,0,0,45,0,0,0,99,0,0,gear,0,0,0,0,0,0,0,0,0,0,0,0,0,0,0,0,0,0,0,0,0		 		//NC_INFRAREDSCAN#Infrared Scan#
2271,0,0,30,0,0,0,99,0,0,gear,0,0,0,0,0,0,0,0,0,0,0,0,0,0,0,0,0,0,0,0,0		 		//NC_ANALYZE#Analyze#
2272,0,0,17:20:23,0,0,0,99,0,0,gear,0,0,0,0,0,0,0,0,0,0,0,0,0,0,0,0,0,0,0,0,0			//NC_MAGNETICFIELD#Magnetic Field#
2273,0,0,90,0,0,0,99,0,0,gear,0,0,0,0,0,0,0,0,0,0,0,0,0,0,0,0,0,0,0,0,0		 		//NC_NEUTRALBARRIER#Neutral Barrier#
2275,0,0,25:30:35:40:45,0,0,0,99,0,0,gear,0,0,0,0,0,0,0,0,0,0,0,0,0,0,0,0,0,0,0,0,0		//NC_REPAIR#Repair#
2278,0,0,20:22:24:26:28,0,0,0,6:7,0,0,none,0,0,0,0,0,0,0,0,0,0,0,0,0,0,0,0,0,0,0,0,0		//NC_AXEBOOMERANG#Axe Boomerang#
2279,0,0,20:23:26:29:32,0,0,0,6:7,0,0,none,0,0,0,0,0,0,0,0,0,0,0,0,0,0,0,0,0,0,0,0,0		//NC_POWERSWING#Power Swing#
2280,0,0,32:38:44:50:56,0,0,0,6:7,0,0,none,0,0,0,0,0,0,0,0,0,0,0,0,0,0,0,0,0,0,0,0,0		//NC_AXETORNADO#Axe Tornado#
2281,0,0,25:30:35:40:45,0,0,0,99,0,0,none,0,999,2,998,1,0,0,0,0,0,0,0,0,0,0,0,0,0,0,0,0		//NC_SILVERSNIPER
2282,0,0,40:45:50:55:60,0,0,0,99,0,0,none,0,998,2,7054,1,0,0,0,0,0,0,0,0,0,0,0,0,0,0,0,0	//NC_MAGICDECOY
2283,0,0,10,0,0,0,99,0,0,none,0,0,0,0,0,0,0,0,0,0,0,0,0,0,0,0,0,0,0,0,0				//NC_DISJOINT

// Shadow Chaser
2284,0,0,40:45:50:55:60,0,0,0,99,0,0,none,0,0,0,0,0,0,0,0,0,0,0,0,0,0,0,0,0,0,0,0,0		//SC_FATALMENACE#Fatal Menace#
2285,0,0,40:45:50:55:60:65:70:75:80:85,0,0,0,99,0,0,none,0,0,0,0,0,0,0,0,0,0,0,0,0,0,0,0,0,0,0,0,0	//SC_REPRODUCE#Reproduce#
2286,0,0,40:45:50:55:60:65:70:75:80:85,0,0,0,99,0,0,none,0,0,0,0,0,0,0,0,0,0,0,0,0,0,0,0,0,0,0,0,0	//SC_AUTOSHADOWSPELL#Auto Shadow Spell#
2287,0,0,40:50:60:70:80,0,0,0,99,0,0,none,0,0,0,0,0,0,0,0,0,0,0,0,0,0,0,0,0,0,0,0,0		//SC_SHADOWFORM#Shadow Form#
2288,0,0,22:24:26:28:30:32:34:36:38:40,0,0,0,11,1,3,none,0,0,0,0,0,0,0,0,0,0,0,0,0,0,0,0,0,0,0,0,0	//SC_TRIANGLESHOT#Triangle Shot#
2289,0,0,10:15:20:25:30,0,0,0,99,0,0,none,0,6122,0,6123,1,0,0,0,0,0,0,0,0,0,0,0,0,0,0,0,0	//SC_BODYPAINT#Body Painting#
2290,0,0,100,0,0,0,99,0,0,none,0,0,0,0,0,0,0,0,0,0,0,0,0,0,0,0,0,0,0,0,0			//SC_INVISIBILITY#Invisibility#
2291,0,0,40:44:48:52:56,0,0,0,99,0,0,none,0,0,0,0,0,0,0,0,0,0,0,0,0,0,0,0,0,0,0,0,0		//SC_DEADLYINFECT#Deadly Infect#
2292,0,0,30:40:50,0,0,0,99,0,0,none,0,6120,1,6121,0,0,0,0,0,0,0,0,0,0,0,0,0,0,0,0,0		//SC_ENERVATION#Masquerade - Enervation#
2293,0,0,30:40:50,0,0,0,99,0,0,none,0,6120,1,6121,0,0,0,0,0,0,0,0,0,0,0,0,0,0,0,0,0		//SC_GROOMY#Masquerade - Gloomy#
2294,0,0,30:40:50,0,0,0,99,0,0,none,0,6120,1,6121,0,0,0,0,0,0,0,0,0,0,0,0,0,0,0,0,0		//SC_IGNORANCE#Masquerade - Ignorance#
2295,0,0,30:40:50,0,0,0,99,0,0,none,0,6120,1,6121,0,0,0,0,0,0,0,0,0,0,0,0,0,0,0,0,0		//SC_LAZINESS#Masquerade - Laziness#
2296,0,0,30:40:50,0,0,0,99,0,0,none,0,6120,1,6121,0,0,0,0,0,0,0,0,0,0,0,0,0,0,0,0,0		//SC_UNLUCKY#Masquerade - Unlucky#
2297,0,0,30:40:50,0,0,0,99,0,0,none,0,6120,1,6121,0,0,0,0,0,0,0,0,0,0,0,0,0,0,0,0,0		//SC_WEAKNESS#Masquerade - Weakness#
2298,0,0,15:18:21:24:27,0,0,0,99,0,0,none,0,0,0,0,0,0,0,0,0,0,0,0,0,0,0,0,0,0,0,0,0		//SC_STRIPACCESSARY#Strip Accessory#
2299,0,0,20:25:30,0,0,0,99,0,0,none,0,6122,0,6123,1,0,0,0,0,0,0,0,0,0,0,0,0,0,0,0,0		//SC_MANHOLE#Man Hole#
2300,0,0,30:36:42,0,0,0,99,0,0,none,0,6122,0,6123,1,0,0,0,0,0,0,0,0,0,0,0,0,0,0,0,0		//SC_DIMENSIONDOOR#Dimension Door#
2301,0,0,30:36:42,0,0,0,99,0,0,none,0,6122,0,6123,2,0,0,0,0,0,0,0,0,0,0,0,0,0,0,0,0		//SC_CHAOSPANIC#Chaos Panic#
2302,0,0,50:55:60,0,0,0,99,0,0,none,0,6122,0,6123,2,0,0,0,0,0,0,0,0,0,0,0,0,0,0,0,0		//SC_MAELSTROM#Maelstrom#
2303,0,0,60:70:80,0,0,0,99,0,0,none,0,6122,0,6123,2,0,0,0,0,0,0,0,0,0,0,0,0,0,0,0,0		//SC_BLOODYLUST#Bloody Lust#
2304,0,0,24:28:32,0,0,0,99,0,0,none,0,6122,0,6123,1,0,0,0,0,0,0,0,0,0,0,0,0,0,0,0,0		//SC_FEINTBOMB#Feint Bomb#

// Royal Guard
2307,0,0,10:13:16:18:20,0,0,0,4:5,0,0,none,0,0,0,0,0,0,0,0,0,0,0,0,0,0,0,0,0,0,0,0,0		//LG_CANNONSPEAR
2308,0,0,30,0,0,0,4:5,0,0,none,0,0,0,0,0,0,0,0,0,0,0,0,0,0,0,0,0,0,0,0,0			//LG_BANISHINGPOINT
2309,0,0,30:45:60,0,0,0,99,0,0,riding,0,0,0,0,0,0,0,0,0,0,0,0,0,0,0,0,0,0,0,0,0			//LG_TRAMPLE
2310,0,0,10:12:14:16:18,0,0,0,99,0,0,shield,0,0,0,0,0,0,0,0,0,0,0,0,0,0,0,0,0,0,0,0,0		//LG_SHIELDPRESS#Shield Press#
2311,0,0,10:14:18:22:25,0,0,0,99,0,0,shield,0,0,0,0,0,0,0,0,0,0,0,0,0,0,0,0,0,0,0,0,0		//LG_REFLECTDAMAGE
2312,0,0,14:16:18:22:26,0,0,0,4:5,0,0,none,0,0,0,0,0,0,0,0,0,0,0,0,0,0,0,0,0,0,0,0,0		//LG_PINPOINTATTACK
2313,0,0,16:17:18:22:26,0,0,0,99,0,0,none,0,0,0,0,0,0,0,0,0,0,0,0,0,0,0,0,0,0,0,0,0		//LG_FORCEOFVANGUARD
2314,0,0,50,0,0,0,99,0,0,none,0,0,0,0,0,0,0,0,0,0,0,0,0,0,0,0,0,0,0,0,0				//LG_RAGEBURST
//2315,0,0,SPCost,0,0,0,99,0,0,shield,0,0,0,0,0,0,0,0,0,0,0,0,0,0,0,0,0,0,0,0,0			//LG_SHIELDSPELL
2316,0,0,14:18:22:26:30,0,0,0,99,0,0,none,0,0,0,0,0,0,0,0,0,0,0,0,0,0,0,0,0,0,0,0,0		//LG_EXCEEDBREAK
2317,0,0,22:24:26:28:30,0,0,0,4:5,0,0,none,0,0,0,0,0,0,0,0,0,0,0,0,0,0,0,0,0,0,0,0,0		//LG_OVERBRAND
2318,0,0,20:22:26:28:29,0,0,0,99,0,0,none,0,0,0,0,0,0,0,0,0,0,0,0,0,0,0,0,0,0,0,0,0		//LG_PRESTIGE
2320,0,0,16:17:18:22:26,0,0,0,99,0,0,none,0,0,0,0,0,0,0,0,0,0,0,0,0,0,0,0,0,0,0,0,0		//LG_MOONSLASHER
2319,0,0,15,0,0,0,99,0,0,none,0,0,0,0,0,0,0,0,0,0,0,0,0,0,0,0,0,0,0,0,0				//LG_BANDING
2321,0,0,20:22:26:28:37,0,0,0,99,0,0,none,0,0,0,0,0,0,0,0,0,0,0,0,0,0,0,0,0,0,0,0,0		//LG_RAYOFGENESIS
2322,0,0,40:45:50:55:60,0,0,0,99,0,0,none,0,523,2,0,0,0,0,0,0,0,0,0,0,0,0,0,0,0,0,0,0		//LG_PIETY 
2323,0,0,52:60:68:76:84,0,0,0,99,0,0,shield,0,0,0,0,0,0,0,0,0,0,0,0,0,0,0,0,0,0,0,0,0		//LG_EARTHDRIVE
2324,0,0,20:22:26:28:29,5:10:15:20:25,0,0,99,0,0,none,0,0,0,0,0,0,0,0,0,0,0,0,0,0,0,0,0,0,0,0,0	//LG_HESPERUSLIT
2325,0,0,20:22:26:28:36,0,0,0,99,0,0,none,0,0,0,0,0,0,0,0,0,0,0,0,0,0,0,0,0,0,0,0,0		//LG_INSPIRATION

// Sura
2326,0,0,3:4:5:6:7:8:9:10:11:12,0,0,0,99,0,0,none,0,0,0,0,0,0,0,0,0,0,0,0,0,0,0,0,0,0,0,0,0	//SR_DRAGONCOMBO#Dragon Combo#
2327,0,0,8:9:10:11:12,0,0,0,99,0,0,none,1,0,0,0,0,0,0,0,0,0,0,0,0,0,0,0,0,0,0,0,0		//SR_SKYNETBLOW#Sky Net Blow#
2328,0,0,20:25:30:35:40,0,0,0,99,0,0,none,1,0,0,0,0,0,0,0,0,0,0,0,0,0,0,0,0,0,0,0,0		//SR_EARTHSHAKER#Earth Shaker#
2329,0,0,1,0,0,0,99,0,0,none,0,0,0,0,0,0,0,0,0,0,0,0,0,0,0,0,0,0,0,0,0				//SR_FALLENEMPIRE#Fallen Empire#
2330,0,0,1:2:3:4:5:6:7:8:9:10,0,0,0,99,0,0,exposionspirits,2,0,0,0,0,0,0,0,0,0,0,0,0,0,0,0,0,0,0,0,0	//SR_TIGERCANNON#Tiger Cannon#
2331,0,0,1,0,0,0,99,0,0,none,0,0,0,0,0,0,0,0,0,0,0,0,0,0,0,0,0,0,0,0,0				//SR_HELLGATE#Hell Gate#
2332,0,0,1,0,0,0,99,0,0,none,0,0,0,0,0,0,0,0,0,0,0,0,0,0,0,0,0,0,0,0,0				//SR_RAMPAGEBLASTER#Rampage Blaster#
2333,0,0,1,0,0,0,99,0,0,none,2,0,0,0,0,0,0,0,0,0,0,0,0,0,0,0,0,0,0,0,0				//SR_CRESCENTELBOW#Crescent Elbow#
2334,0,0,1,0,0,0,99,0,0,none,1,0,0,0,0,0,0,0,0,0,0,0,0,0,0,0,0,0,0,0,0				//SR_CURSEDCIRCLE#Cursed Circle#
2335,0,0,40,0,0,0,99,0,0,none,0,0,0,0,0,0,0,0,0,0,0,0,0,0,0,0,0,0,0,0,0				//SR_LIGHTNINGWALK#Lightning Walk#
2336,0,0,10:15:20:25:30,0,0,0,99,0,0,none,2,0,0,0,0,0,0,0,0,0,0,0,0,0,0,0,0,0,0,0,0		//SR_KNUCKLEARROW#Knuckle Arrow#
2337,0,0,1,0,0,0,99,0,0,none,0,0,0,0,0,0,0,0,0,0,0,0,0,0,0,0,0,0,0,0,0				//SR_WINDMILL#Windmill#
2338,0,0,120,0,0,0,99,0,0,none,0,0,0,0,0,0,0,0,0,0,0,0,0,0,0,0,0,0,0,0,0			//SR_RAISINGDRAGON#Raising Dragon#
2339,0,0,1,0,0,0,99,0,0,none,0,0,0,0,0,0,0,0,0,0,0,0,0,0,0,0,0,0,0,0,0				//SR_GENTLETOUCH#Gentle Touch#
2340,0,0,1,0,0,0,99,0,0,none,0,0,0,0,0,0,0,0,0,0,0,0,0,0,0,0,0,0,0,0,0				//SR_ASSIMILATEPOWER#Assimilate Power#
2341,0,0,1,0,0,0,99,0,0,none,0,0,0,0,0,0,0,0,0,0,0,0,0,0,0,0,0,0,0,0,0				//SR_POWERVELOCITY#Power Velocity#
2342,0,0,1,0,0,0,99,0,0,none,0,0,0,0,0,0,0,0,0,0,0,0,0,0,0,0,0,0,0,0,0				//SR_CRESCENTELBOW_AUTOSPELL#Crescent Elbow Autospell#
2343,0,0,30,0,0,0,99,0,0,explosionspirits,0,0,0,0,0,0,0,0,0,0,0,0,0,0,0,0,0,0,0,0,0		//SR_GATEOFHELL#Gate of Hell#
2344,0,0,20:25:30:35:40,0,0,0,99,0,0,none,0,0,0,0,0,0,0,0,0,0,0,0,0,0,0,0,0,0,0,0,0		//SR_GENTLETOUCH_QUIET#Gentle Touch - Quiet#
2345,0,0,20:25:30:35:40,0,0,0,99,0,0,none,1,0,0,0,0,0,0,0,0,0,0,0,0,0,0,0,0,0,0,0,0		//SR_GENTLETOUCH_CURE#Gentle Touch - Cure#
2346,0,0,40:50:60:70:80,1:2:3:4:5,0,0,99,0,0,none,2,0,0,0,0,0,0,0,0,0,0,0,0,0,0,0,0,0,0,0,0	//SR_GENTLETOUCH_ENERGYGAIN#Gentle Touch - Energy Gain#
2347,0,0,40:50:60:70:80,1:2:3:4:5,0,0,99,0,0,none,0,0,0,0,0,0,0,0,0,0,0,0,0,0,0,0,0,0,0,0,0	//SR_GENTLETOUCH_CHANGE#Gentle Touch - Change#
2348,0,0,40:50:60:70:80,0,0,0,99,0,0,none,0,0,0,0,0,0,0,0,0,0,0,0,0,0,0,0,0,0,0,0,0		//SR_GENTLETOUCH_REVITALIZE#Gentle Touch - Revitalize#

// Wanderer
2350,0,0,30:33:36:39:42,0,0,0,99,0,0,none,0,0,0,0,0,0,0,0,0,0,0,0,0,0,0,0,0,0,0,0,0		//WA_SWING_DANCE#Swing Dance#
2351,0,0,48:56:64:72:80,0,0,0,99,0,0,none,0,0,0,0,0,0,0,0,0,0,0,0,0,0,0,0,0,0,0,0,0		//WA_SYMPHONY_OF_LOVER#Symphony of Lover#
2352,0,0,44:48:52:56:60,0,0,0,99,0,0,none,0,0,0,0,0,0,0,0,0,0,0,0,0,0,0,0,0,0,0,0,0		//WA_MOONLIT_SERENADE#Moonlit Serenade#
// Minstrel
2381,0,0,44:48:52:56:60,0,0,0,99,0,0,none,0,0,0,0,0,0,0,0,0,0,0,0,0,0,0,0,0,0,0,0,0		//MI_RUSH_WINDMILL#Windmill Rush Attack#
2382,0,0,44:48:52:56:60,0,0,0,99,0,0,none,0,0,0,0,0,0,0,0,0,0,0,0,0,0,0,0,0,0,0,0,0		//MI_ECHOSONG#Echo Song#
2383,0,0,70:75:80:85:90,0,0,0,99,0,0,none,0,0,0,0,0,0,0,0,0,0,0,0,0,0,0,0,0,0,0,0,0		//MI_HARMONIZE#Harmonize#
// Wanderer/Minstrel
2413,0,0,32:34:36:38:40,0,0,0,99,0,0,none,0,0,0,0,0,0,0,0,0,0,0,0,0,0,0,0,0,0,0,0,0		//WM_METALICSOUND#Metallic Sound#
2414,0,0,28:32:38:42:48,0,0,0,99,0,0,none,0,0,0,0,0,0,0,0,0,0,0,0,0,0,0,0,0,0,0,0,0		//WM_REVERBERATION#Reverberation#
2417,0,0,1,0,0,0,99,0,0,none,0,0,0,0,0,0,0,0,0,0,0,0,0,0,0,0,0,0,0,0,0				//WM_DOMINION_IMPULSE#Dominion Impulse#
2418,0,0,68:74:80:86:92,0,0,0,11,1,20,none,0,0,0,0,0,0,0,0,0,0,0,0,0,0,0,0,0,0,0,0,0		//WM_SEVERE_RAINSTORM#Severe Rainstorm#
2419,0,0,12:16:20:24:28,0,0,0,99,0,0,none,0,0,0,0,0,0,0,0,0,0,0,0,0,0,0,0,0,0,0,0,0		//MW_POEMOFNETHERWORLD#Poem of Netherworld#
2420,0,0,24:28:32:36:40,0,0,0,99,0,0,none,0,0,0,0,0,0,0,0,0,0,0,0,0,0,0,0,0,0,0,0,0		//MW_VOICEOFSIREN#Voice of Siren#
2421,0,0,50:53:56:59:62,0,0,0,99,0,0,none,0,0,0,0,0,0,0,0,0,0,0,0,0,0,0,0,0,0,0,0,0		//MW_DEADHILLHERE#Valley of Death#
2422,0,0,40:45:50:55:60,0,0,0,99,0,0,none,0,0,0,0,0,0,0,0,0,0,0,0,0,0,0,0,0,0,0,0,0		//MW_LULLABY_DEEPSLEEP#Deep Sleep Lullaby#
2423,0,0,42:46:50:54:58,0,0,0,13:14,0,0,none,0,0,0,0,0,0,0,0,0,0,0,0,0,0,0,0,0,0,0,0,0		//MW_SIRCLEOFNATURE#Circle of Nature's Sound#
2424,0,0,40:45:50:55:60,0,0,0,13:14,0,0,none,0,0,0,0,0,0,0,0,0,0,0,0,0,0,0,0,0,0,0,0,0		//MW_RANDOMIZESPELL#Improvised Song#
2425,0,0,60,0,0,0,99,0,0,none,0,0,0,0,0,0,0,0,0,0,0,0,0,0,0,0,0,0,0,0,0				//MW_GLOOMYDAY#Gloomy Day#
2426,0,0,80:90:100:110:120,0,0,0,99,0,0,none,0,0,0,0,0,0,0,0,0,0,0,0,0,0,0,0,0,0,0,0,0		//MW_GREAT_ECHO#Great Echo#
2427,0,0,80:90:100:110:120,0,0,0,13:14,0,0,none,0,0,0,0,0,0,0,0,0,0,0,0,0,0,0,0,0,0,0,0,0	//MW_SONG_OF_MANA#Song of Mana#
2428,0,0,120:140:160:180:200,0,0,0,13:14,0,0,none,0,0,0,0,0,0,0,0,0,0,0,0,0,0,0,0,0,0,0,0,0	//MW_DANCE_WITH_WUG#Dance With Warg#
2429,0,0,50:60:70:80:90,0,0,0,13:14,0,0,none,0,0,0,0,0,0,0,0,0,0,0,0,0,0,0,0,0,0,0,0,0		//MW_SOUND_OF_DESTRUCTION#Sound of Destruction#
2430,0,0,150:160:170:180:190,0,0,0,13:14,0,0,none,0,0,0,0,0,0,0,0,0,0,0,0,0,0,0,0,0,0,0,0,0	//MW_SATURDAY_NIGHT_FEVER#Saturday Night Fever#
2431,0,0,120:130:140:150:160,0,0,0,13:14,0,0,none,0,0,0,0,0,0,0,0,0,0,0,0,0,0,0,0,0,0,0,0,0	//MW_LERADS_DEW#Lerad's Dew#
2432,0,0,120:130:140:150:160,0,0,0,13:14,0,0,none,0,0,0,0,0,0,0,0,0,0,0,0,0,0,0,0,0,0,0,0,0	//MW_MELODYOFSINK#Melody of Sink#
2433,0,0,120:130:140:150:160,0,0,0,13:14,0,0,none,0,0,0,0,0,0,0,0,0,0,0,0,0,0,0,0,0,0,0,0,0	//MW_WARCRY_OF_BEYOND#Warcry of Beyond#
2434,0,0,120:130:140:150:160,0,0,0,13:14,0,0,none,0,0,0,0,0,0,0,0,0,0,0,0,0,0,0,0,0,0,0,0,0	//MW_UNLIMITED_HUMMING_VOICE#Unlimited Humming Voice#

// Sorcerer
2443,0,0,30:34:38:42:46,0,0,0,99,0,0,none,0,0,0,0,0,0,0,0,0,0,0,0,0,0,0,0,0,0,0,0,0		//SO_FIREWALK
2444,0,0,30:34:38:42:46,0,0,0,99,0,0,none,0,0,0,0,0,0,0,0,0,0,0,0,0,0,0,0,0,0,0,0,0		//SO_ELECTRICWALK
2445,0,0,40:44:48:52:56,0,0,0,99,0,0,none,0,0,0,0,0,0,0,0,0,0,0,0,0,0,0,0,0,0,0,0,0		//SO_SPELLFIST
2446,0,0,32:36:40:44:48,0,0,0,99,0,0,none,0,0,0,0,0,0,0,0,0,0,0,0,0,0,0,0,0,0,0,0,0		//SO_EARTHGRAVE
2449,0,0,48:56:64:70:78,0,0,0,99,0,0,none,0,0,0,0,0,0,0,0,0,0,0,0,0,0,0,0,0,0,0,0,0		//SO_PSYCHICWAVE
2453,0,0,64:68:72:76:80,0,0,0,99,0,0,none,0,0,0,0,0,0,0,0,0,0,0,0,0,0,0,0,0,0,0,0,0		//SO_VACUUM_EXTREME

// Genetic
2476,0,0,30,0,0,0,99,0,0,cart,0,0,0,0,0,0,0,0,0,0,0,0,0,0,0,0,0,0,0,0,0				//GN_CART_TORNADO#Cart Tornado#
2477,0,0,40:42:46:48:50,0,0,0,99,0,0,cart,0,0,0,0,0,0,0,0,0,0,0,0,0,0,0,0,0,0,0,0,0		//GN_CARTCANNON#Cart Cannon#
2478,0,0,20:24:28:32:36,0,0,0,99,0,0,cart,0,0,0,0,0,0,0,0,0,0,0,0,0,0,0,0,0,0,0,0,0		//GN_CARTBOOST#Cart Boost#
2479,0,0,22:26:30:34:38,0,0,0,99,0,0,none,0,6210,1,0,0,0,0,0,0,0,0,0,0,0,0,0,0,0,0,0,0		//GN_THORNS_TRAP#Thorn Trap#
2480,0,0,30:35:40:45:50,0,0,0,99,0,0,none,0,0,0,0,0,0,0,0,0,0,0,0,0,0,0,0,0,0,0,0,0		//GN_BLOOD_SUCKER#Blood Sucker#
2481,0,0,55:60:65:70:75,0,0,0,99,0,0,none,0,0,0,0,0,0,0,0,0,0,0,0,0,0,0,0,0,0,0,0,0		//GN_SPORE_EXPLOSION#Spore Explosion#
2482,0,0,40:50:60:70:80,0,0,0,99,0,0,none,0,6210,1,0,0,0,0,0,0,0,0,0,0,0,0,0,0,0,0,0,0		//GN_WALLOFTHORN#Wall of Thorns#
2483,0,0,24:28:32:36:40:44:48:52:56:60,0,0,0,99,0,0,none,0,0,0,0,0,0,0,0,0,0,0,0,0,0,0,0,0,0,0,0,0	//GN_CRAZYWEED#Crazy Weed#
//2484,0,0,1,0,0,0,99,0,0,none,0,0,0,0,0,0,0,0,0,0,0,0,0,0,0,0,0,0,0,0,0			//GN_CRAZYWEED_ATK#Crazy Weed Attack#
2485,0,0,24:28:32:36:40,0,0,0,99,0,0,none,0,0,0,0,0,0,0,0,0,0,0,0,0,0,0,0,0,0,0,0,0		//GN_DEMONIC_FIRE#Demonic Fire#
2486,0,0,30:35:40:45:50,0,0,0,99,0,0,none,0,0,0,0,0,0,0,0,0,0,0,0,0,0,0,0,0,0,0,0,0		//GN_FIRE_EXPANSION#Fire Expansion#
//2487,0,0,1,0,0,0,99,0,0,none,0,0,0,0,0,0,0,0,0,0,0,0,0,0,0,0,0,0,0,0,0			//GN_FIRE_EXPANSION_SMOKE_POWDER#Fire Expansion Smoke Powder#
//2488,0,0,1,0,0,0,99,0,0,none,0,0,0,0,0,0,0,0,0,0,0,0,0,0,0,0,0,0,0,0,0			//GN_FIRE_EXPANSION_TEAR_GAS#Fire Expansion Tear Gas#
//2489,0,0,1,0,0,0,99,0,0,none,0,0,0,0,0,0,0,0,0,0,0,0,0,0,0,0,0,0,0,0,0			//GN_FIRE_EXPANSION_ACID#Fire Expansion Acid#
2490,0,0,40:45:50:55:60,0,0,0,99,0,0,none,0,0,0,0,0,0,0,0,0,0,0,0,0,0,0,0,0,0,0,0,0		//GN_HELLS_PLANT#Hell's Plant#
//2491,0,0,1,0,0,0,99,0,0,none,0,0,0,0,0,0,0,0,0,0,0,0,0,0,0,0,0,0,0,0,0			//GN_HELLS_PLANT_ATK#Hell's Plant Attack#
2492,0,0,40:45:50:55:60,0,0,0,99,0,0,none,0,0,0,0,0,0,0,0,0,0,0,0,0,0,0,0,0,0,0,0,0		//GN_MANDRAGORA#Howling of Mandragora#
2493,0,0,1,0,0,0,99,0,0,none,0,0,0,0,0,0,0,0,0,0,0,0,0,0,0,0,0,0,0,0,0				//GN_SLINGITEM#Sling Item#
2494,0,0,1,0,0,0,99,0,0,none,0,0,0,0,0,0,0,0,0,0,0,0,0,0,0,0,0,0,0,0,0				//GN_CHANGEMATERIAL#Change Material#
2495,0,0,5:40,0,0,0,99,0,0,none,0,0,0,0,0,0,0,0,0,0,0,0,0,0,0,0,0,0,0,0,0			//GN_MIX_COOKING#Mix Cooking#
2496,0,0,5:40,0,0,0,99,0,0,none,0,0,0,0,0,0,0,0,0,0,0,0,0,0,0,0,0,0,0,0,0			//GN_MAKEBOMB#Create Bomb#
2497,0,0,12,0,0,0,99,0,0,none,0,0,0,0,0,0,0,0,0,0,0,0,0,0,0,0,0,0,0,0,0				//GN_S_PHARMACY#Special Pharmacy#
//2498,0,0,1,0,0,0,99,0,0,none,0,0,0,0,0,0,0,0,0,0,0,0,0,0,0,0,0,0,0,0,0			//GN_SLINGITEM_RANGEMELEEATK#Sling Item Attack#

// More 3rd Job Skills
2515,0,0,100:120:140:160:180,0,0,0,99,0,0,none,0,0,0,0,0,0,0,0,0,0,0,0,0,0,0,0,0,0,0,0,0	//AB_SECRAMENT#Sacrament#
2516,0,0,1,0,0,0,99,0,0,none,0,0,0,0,0,0,0,0,0,0,0,0,0,0,0,0,0,0,0,0,0	//WM_SEVERE_RAINSTORM_MELEE#Severe Rainstorm Melee#
2517,0,0,40:50:60:70:80,0,0,0,99,0,0,none,0,0,0,0,0,0,0,0,0,0,0,0,0,0,0,0,0,0,0,0,0	//SR_HOWLINGOFLION#Howling of Lion# 
2518,0,0,40:50:60:70:80,0,0,0,99,0,0,none,1:3:5:7:15,0,0,0,0,0,0,0,0,0,0,0,0,0,0,0,0,0,0,0,0	//SR_RIDEINLIGHTNING#Ride In Lightening#

//2533,0,0,1,0,0,0,99,0,0,none,0,0,0,0,0,0,0,0,0,0,0,0,0,0,0,0,0,0,0,0,0	//ALL_ODINS_RECALL#Odin's Recall#

10010,0,0,1,0,0,0,99,0,0,none,0,0,0,0,0,0,0,0,0,0,0,0,0,0,0,0,0,0,0,0,0	//下达战斗命令
10011,0,0,1,0,0,0,99,0,0,none,0,0,0,0,0,0,0,0,0,0,0,0,0,0,0,0,0,0,0,0,0	//复兴公会员体力
10012,0,0,1,0,0,0,99,0,0,none,0,0,0,0,0,0,0,0,0,0,0,0,0,0,0,0,0,0,0,0,0	//恢复公会员体力
10013,0,0,1,0,0,0,99,0,0,none,0,0,0,0,0,0,0,0,0,0,0,0,0,0,0,0,0,0,0,0,0	//紧急呼叫

8001,0,0,13:16:19:22:25,0,0,0,99,0,0,none,0,545,1,0,0,0,0,0,0,0,0,0,0,0,0,0,0,0,0,0,0	//治愈之手
8002,0,0,20:25:30:35:40,0,0,0,99,0,0,none,0,0,0,0,0,0,0,0,0,0,0,0,0,0,0,0,0,0,0,0,0	//轻捷移动
8004,0,0,100,0,0,0,99,0,0,none,0,0,0,0,0,0,0,0,0,0,0,0,0,0,0,0,0,0,0,0,0	//智力变换
8005,0,0,10,0,0,0,99,0,0,none,0,0,0,0,0,0,0,0,0,0,0,0,0,0,0,0,0,0,0,0,0	//位置互换
8006,0,0,20:25:30:35:40,0,0,0,99,0,0,none,0,0,0,0,0,0,0,0,0,0,0,0,0,0,0,0,0,0,0,0,0	//防御力
8008,0,0,120,0,0,0,99,0,0,none,0,0,0,0,0,0,0,0,0,0,0,0,0,0,0,0,0,0,0,0,0	//血的贪求
8009,0,0,4:8:12:16:20,0,0,0,99,0,0,none,0,0,0,0,0,0,0,0,0,0,0,0,0,0,0,0,0,0,0,0,0	//月光
8010,0,0,30:40:50:60:70,0,0,0,99,0,0,none,0,0,0,0,0,0,0,0,0,0,0,0,0,0,0,0,0,0,0,0,0	//横越速度
8011,0,0,30:40:50:60:70,0,0,0,99,0,0,none,0,0,0,0,0,0,0,0,0,0,0,0,0,0,0,0,0,0,0,0,0	//紧急回避
8012,0,0,1,0,0,0,99,0,0,none,0,0,0,0,0,0,0,0,0,0,0,0,0,0,0,0,0,0,0,0,0	//S.B.R.44
8013,0,0,22:24:26:28:30,0,0,0,99,0,0,none,0,0,0,0,0,0,0,0,0,0,0,0,0,0,0,0,0,0,0,0,0	//善变
8014,0,0,40,0,0,0,99,0,0,none,0,0,0,0,0,0,0,0,0,0,0,0,0,0,0,0,0,0,0,0,0	//混乱的祈福
8016,0,0,1,0,0,0,99,0,0,none,0,0,0,0,0,0,0,0,0,0,0,0,0,0,0,0,0,0,0,0,0	//生物爆炸

8201,0,0,8:8:8:8:8:15:15:15:15:15,0,0,0,0:1:2:3:4:5:6:7:8:9:10:12:13:14:15:16:17:18:19:20:21:22,0,0,none,0,0,0,0,0,0,0,0,0,0,0,0,0,0,0,0,0,0,0,0,0	//MS_BASH
8202,20:20:19:19:18:18:17:17:16:16,0,30,0,0,0,99,0,0,none,0,0,0,0,0,0,0,0,0,0,0,0,0,0,0,0,0,0,0,0,0	//MS_MAGNUM
8203,0,0,13:14:15:16:17:18:19:20:21:22,0,0,0,99,0,0,none,0,0,0,0,0,0,0,0,0,0,0,0,0,0,0,0,0,0,0,0,0	//MS_BOWLINGBASH
8204,0,0,50,0,0,0,99,0,0,none,0,0,0,0,0,0,0,0,0,0,0,0,0,0,0,0,0,0,0,0,0	//MS_PARRYING
8205,0,0,35:40:45:50:55:60:65:70:75:80,0,0,0,99,0,0,none,0,0,0,0,0,0,0,0,0,0,0,0,0,0,0,0,0,0,0,0,0	//MS_REFLECTSHIELD
8206,0,0,100,0,0,0,99,0,0,none,0,0,0,0,0,0,0,0,0,0,0,0,0,0,0,0,0,0,0,0,0	//MS_BERSERK
8207,0,0,12,0,0,0,99,1,1,none,0,0,0,0,0,0,0,0,0,0,0,0,0,0,0,0,0,0,0,0,0	//MA_DOUBLE
8208,0,0,15,0,0,0,99,1,1,none,0,0,0,0,0,0,0,0,0,0,0,0,0,0,0,0,0,0,0,0,0	//MA_SHOWER
8209,0,0,10,0,0,0,99,0,0,none,0,0,0,0,0,0,0,0,0,0,0,0,0,0,0,0,0,0,0,0,0	//MA_SKIDTRAP
8210,0,0,10,0,0,0,99,0,0,none,0,0,0,0,0,0,0,0,0,0,0,0,0,0,0,0,0,0,0,0,0	//MA_LANDMINE
8211,0,0,12,0,0,0,99,0,0,none,0,0,0,0,0,0,0,0,0,0,0,0,0,0,0,0,0,0,0,0,0	//MA_SANDMAN
8212,0,0,10,0,0,0,99,0,0,none,0,0,0,0,0,0,0,0,0,0,0,0,0,0,0,0,0,0,0,0,0	//MA_FREEZINGTRAP
8213,0,0,5,0,0,0,99,0,0,none,0,0,0,0,0,0,0,0,0,0,0,0,0,0,0,0,0,0,0,0,0	//MA_REMOVETRAP
8214,0,0,15,0,0,0,99,1,1,none,0,0,0,0,0,0,0,0,0,0,0,0,0,0,0,0,0,0,0,0,0	//MA_CHARGEARROW
8215,0,0,18:21:24:27:30,0,0,0,99,1,1,none,0,0,0,0,0,0,0,0,0,0,0,0,0,0,0,0,0,0,0,0,0		//MA_SHARPSHOOTING
8216,0,0,7,0,0,0,99,0,0,none,0,0,0,0,0,0,0,0,0,0,0,0,0,0,0,0,0,0,0,0,0	//ML_PIERCE
8217,0,0,12,0,0,0,99,0,0,none,0,0,0,0,0,0,0,0,0,0,0,0,0,0,0,0,0,0,0,0,0	//ML_BRANDISH
8218,0,0,18:21:24:27:30,0,0,0,99,0,0,none,0,0,0,0,0,0,0,0,0,0,0,0,0,0,0,0,0,0,0,0,0	//ML_SPIRALPIERCE
8219,0,0,30,0,0,0,99,0,0,shield,0,0,0,0,0,0,0,0,0,0,0,0,0,0,0,0,0,0,0,0,0	//ML_DEFENDER
8220,0,0,12:14:16:18:20:22:24:26:28:30,0,0,0,99,0,0,none,0,0,0,0,0,0,0,0,0,0,0,0,0,0,0,0,0,0,0,0,0	//ML_AUTOGUARD
8221,0,0,25,0,0,0,99,0,0,none,0,0,0,0,0,0,0,0,0,0,0,0,0,0,0,0,0,0,0,0,0	//ML_DEVOTION
8222,0,0,40,0,0,0,99,0,0,none,0,0,0,0,0,0,0,0,0,0,0,0,0,0,0,0,0,0,0,0,0	//MER_MAGNIFICAT
8223,0,0,14:18:22:26:30:34:38:42:46:50,0,0,0,99,0,0,none,0,0,0,0,0,0,0,0,0,0,0,0,0,0,0,0,0,0,0,0,0	//MER_QUICKEN
8224,0,0,10,0,0,0,99,0,0,none,0,0,0,0,0,0,0,0,0,0,0,0,0,0,0,0,0,0,0,0,0	//MER_SIGHT
8225,0,0,10,0,0,0,99,0,0,none,0,0,0,0,0,0,0,0,0,0,0,0,0,0,0,0,0,0,0,0,0	//MER_CRASH
8226,0,0,10,0,0,0,99,0,0,none,0,0,0,0,0,0,0,0,0,0,0,0,0,0,0,0,0,0,0,0,0	//MER_REGAIN
8227,0,0,10,0,0,0,99,0,0,none,0,0,0,0,0,0,0,0,0,0,0,0,0,0,0,0,0,0,0,0,0	//MER_TENDER
8228,0,0,10,0,0,0,99,0,0,none,0,0,0,0,0,0,0,0,0,0,0,0,0,0,0,0,0,0,0,0,0	//MER_BENEDICTION
8229,0,0,10,0,0,0,99,0,0,none,0,0,0,0,0,0,0,0,0,0,0,0,0,0,0,0,0,0,0,0,0	//MER_RECUPERATE
8230,0,0,10,0,0,0,99,0,0,none,0,0,0,0,0,0,0,0,0,0,0,0,0,0,0,0,0,0,0,0,0	//MER_MENTALCURE
8231,0,0,10,0,0,0,99,0,0,none,0,0,0,0,0,0,0,0,0,0,0,0,0,0,0,0,0,0,0,0,0	//MER_COMPRESS
8232,0,0,4:5:6:7:8:9:10:11:12:13,0,0,0,99,0,0,none,0,0,0,0,0,0,0,0,0,0,0,0,0,0,0,0,0,0,0,0,0	//MER_PROVOKE
8233,0,0,5,0,0,0,99,0,0,none,0,0,0,0,0,0,0,0,0,0,0,0,0,0,0,0,0,0,0,0,0	//MER_AUTOBERSERK
8234,0,0,15:17:19:21:23:25:27:29:31:33,0,0,0,99,0,0,none,0,0,0,0,0,0,0,0,0,0,0,0,0,0,0,0,0,0,0,0,0		//MER_DECAGI
8235,0,0,10,100,0,0,99,0,0,none,0,0,0,0,0,0,0,0,0,0,0,0,0,0,0,0,0,0,0,0,0	//MER_SCAPEGOAT
8236,0,0,20:20:20:20:20:18:16:14:12:10,0,0,0,99,0,0,none,0,0,0,0,0,0,0,0,0,0,0,0,0,0,0,0,0,0,0,0,0	//MER_LEXDIVINA
8237,0,0,10,0,0,0,99,0,0,none,0,0,0,0,0,0,0,0,0,0,0,0,0,0,0,0,0,0,0,0,0	//MER_ESTIMATION
